f_time;copX;copY
0.010;-3.688698;0.670947
0.020;-3.683407;0.661170
0.030;-3.677631;0.649319
0.040;-3.671007;0.633950
0.050;-3.663392;0.614601
0.060;-3.654903;0.591831
0.070;-3.645890;0.566933
0.080;-3.636878;0.541457
0.090;-3.628435;0.516743
0.100;-3.621015;0.493631
0.110;-3.614822;0.472406
0.120;-3.609754;0.452933
0.130;-3.605450;0.434863
0.140;-3.601409;0.417820
0.150;-3.597140;0.401524
0.160;-3.592256;0.385807
0.170;-3.586504;0.370571
0.180;-3.579738;0.355721
0.190;-3.571878;0.341126
0.200;-3.562897;0.326633
0.210;-3.552816;0.312107
0.220;-3.541691;0.297473
0.230;-3.529565;0.282733
0.240;-3.516417;0.267964
0.250;-3.502132;0.253293
0.260;-3.486534;0.238877
0.270;-3.469464;0.224884
0.280;-3.450887;0.211480
0.290;-3.431001;0.198832
0.300;-3.410267;0.187097
0.310;-3.389324;0.176401
0.320;-3.368793;0.166786
0.330;-3.349063;0.158166
0.340;-3.330174;0.150292
0.350;-3.311862;0.142776
0.360;-3.293742;0.135174
0.370;-3.275522;0.127112
0.380;-3.257154;0.118389
0.390;-3.238879;0.108981
0.400;-3.221164;0.098944
0.410;-3.204565;0.088281
0.420;-3.189571;0.076856
0.430;-3.176492;0.064416
0.440;-3.165397;0.050708
0.450;-3.156132;0.035610
0.460;-3.148391;0.019216
0.470;-3.141837;0.001841
0.480;-3.136215;-0.016024
0.490;-3.131412;-0.033811
0.500;-3.127430;-0.051003
0.510;-3.124299;-0.067294
0.520;-3.121991;-0.082699
0.530;-3.120362;-0.097562
0.540;-3.119169;-0.112454
0.550;-3.118124;-0.128000
0.560;-3.116950;-0.144745
0.570;-3.115401;-0.163093
0.580;-3.113243;-0.183306
0.590;-3.110237;-0.205516
0.600;-3.106154;-0.229708
0.610;-3.100842;-0.255710
0.620;-3.094282;-0.283216
0.630;-3.086625;-0.311840
0.640;-3.078169;-0.341197
0.650;-3.069281;-0.370969
0.660;-3.060314;-0.400952
0.670;-3.051521;-0.431076
0.680;-3.042994;-0.461389
0.690;-3.034644;-0.491998
0.700;-3.026233;-0.522971
0.710;-3.017473;-0.554250
0.720;-3.008146;-0.585614
0.730;-2.998182;-0.616744
0.740;-2.987651;-0.647352
0.750;-2.976711;-0.677295
0.760;-2.965515;-0.706609
0.770;-2.954163;-0.735438
0.780;-2.942688;-0.763898
0.790;-2.931094;-0.791957
0.800;-2.919414;-0.819399
0.810;-2.907726;-0.845898
0.820;-2.896118;-0.871185
0.830;-2.884635;-0.895188
0.840;-2.873252;-0.918079
0.850;-2.861926;-0.940191
0.860;-2.850701;-0.961843
0.870;-2.839782;-0.983173
0.880;-2.829511;-1.004055
0.890;-2.820258;-1.024144
0.900;-2.812304;-1.043031
0.910;-2.805781;-1.060435
0.920;-2.800682;-1.076336
0.930;-2.796900;-1.091006
0.940;-2.794270;-1.104902
0.950;-2.792609;-1.118446
0.960;-2.791766;-1.131804
0.970;-2.791688;-1.144770
0.980;-2.792442;-1.156875
0.990;-2.794182;-1.167643
1.000;-2.797071;-1.176884
1.010;-2.801197;-1.184800
1.020;-2.806549;-1.191869
1.030;-2.813025;-1.198580
1.040;-2.820466;-1.205216
1.050;-2.828660;-1.211823
1.060;-2.837332;-1.218330
1.070;-2.846165;-1.224720
1.080;-2.854854;-1.231138
1.090;-2.863190;-1.237885
1.100;-2.871117;-1.245341
1.110;-2.878737;-1.253868
1.120;-2.886258;-1.263746
1.130;-2.893907;-1.275107
1.140;-2.901820;-1.287846
1.150;-2.909934;-1.301524
1.160;-2.917951;-1.315347
1.170;-2.925406;-1.328289
1.180;-2.931850;-1.339342
1.190;-2.937035;-1.347809
1.200;-2.940997;-1.353514
1.210;-2.943967;-1.356854
1.220;-2.946212;-1.358657
1.230;-2.947906;-1.359921
1.240;-2.949123;-1.361500
1.250;-2.949902;-1.363847
1.260;-2.950310;-1.366898
1.270;-2.950444;-1.370140
1.280;-2.950393;-1.372832
1.290;-2.950196;-1.374295
1.300;-2.949823;-1.374138
1.310;-2.949178;-1.372355
1.320;-2.948105;-1.369281
1.330;-2.946414;-1.365439
1.340;-2.943902;-1.361359
1.350;-2.940374;-1.357415
1.360;-2.935634;-1.353715
1.370;-2.929483;-1.350086
1.380;-2.921751;-1.346139
1.390;-2.912332;-1.341405
1.400;-2.901196;-1.335464
1.410;-2.888357;-1.328050
1.420;-2.873835;-1.319087
1.430;-2.857661;-1.308707
1.440;-2.839939;-1.297234
1.450;-2.820930;-1.285128
1.460;-2.801079;-1.272835
1.470;-2.780960;-1.260584
1.480;-2.761136;-1.248219
1.490;-2.742012;-1.235191
1.500;-2.723745;-1.220766
1.510;-2.706282;-1.204340
1.520;-2.689480;-1.185706
1.530;-2.673262;-1.165100
1.540;-2.657715;-1.143049
1.550;-2.643102;-1.120127
1.560;-2.629796;-1.096769
1.570;-2.618167;-1.073197
1.580;-2.608458;-1.049427
1.590;-2.600717;-1.025319
1.600;-2.594785;-1.000624
1.610;-2.590372;-0.975051
1.620;-2.587164;-0.948329
1.630;-2.584937;-0.920260
1.640;-2.583607;-0.890757
1.650;-2.583215;-0.859891
1.660;-2.583852;-0.827904
1.670;-2.585581;-0.795204
1.680;-2.588385;-0.762295
1.690;-2.592166;-0.729654
1.700;-2.596780;-0.697625
1.710;-2.602080;-0.666336
1.720;-2.607959;-0.635704
1.730;-2.614366;-0.605485
1.740;-2.621315;-0.575371
1.750;-2.628870;-0.545103
1.760;-2.637131;-0.514569
1.770;-2.646176;-0.483850
1.780;-2.655974;-0.453225
1.790;-2.666306;-0.423113
1.800;-2.676746;-0.393986
1.810;-2.686743;-0.366273
1.820;-2.695766;-0.340287
1.830;-2.703454;-0.316217
1.840;-2.709730;-0.294171
1.850;-2.714790;-0.274211
1.860;-2.718989;-0.256340
1.870;-2.722632;-0.240449
1.880;-2.725798;-0.226292
1.890;-2.728286;-0.213514
1.900;-2.729722;-0.201742
1.910;-2.729749;-0.190675
1.920;-2.728176;-0.180123
1.930;-2.725040;-0.169975
1.940;-2.720571;-0.160157
1.950;-2.715122;-0.150608
1.960;-2.709090;-0.141322
1.970;-2.702835;-0.132360
1.980;-2.696607;-0.123802
1.990;-2.690516;-0.115630
2.000;-2.684535;-0.107637
2.010;-2.678530;-0.099432
2.020;-2.672286;-0.090596
2.030;-2.665509;-0.080905
2.040;-2.657841;-0.070505
2.050;-2.648896;-0.059931
2.060;-2.638332;-0.049936
2.070;-2.625961;-0.041225
2.080;-2.611844;-0.034224
2.090;-2.596334;-0.028956
2.100;-2.579995;-0.025069
2.110;-2.563423;-0.021958
2.120;-2.547008;-0.018948
2.130;-2.530753;-0.015508
2.140;-2.514222;-0.011411
2.150;-2.496654;-0.006801
2.160;-2.477212;-0.002117
2.170;-2.455282;0.002091
2.180;-2.430718;0.005398
2.190;-2.403929;0.007687
2.200;-2.375776;0.009222
2.210;-2.347313;0.010615
2.220;-2.319464;0.012687
2.230;-2.292782;0.016263
2.240;-2.267374;0.021912
2.250;-2.242985;0.029737
2.260;-2.219189;0.039311
2.270;-2.195602;0.049818
2.280;-2.172053;0.060320
2.290;-2.148680;0.070023
2.300;-2.125925;0.078438
2.310;-2.104445;0.085412
2.320;-2.084973;0.091062
2.330;-2.068162;0.095672
2.340;-2.054452;0.099591
2.350;-2.043997;0.103151
2.360;-2.036689;0.106647
2.370;-2.032283;0.110369
2.380;-2.030556;0.114682
2.390;-2.031411;0.120081
2.400;-2.034887;0.127167
2.410;-2.041058;0.136511
2.420;-2.049897;0.148460
2.430;-2.061168;0.162966
2.440;-2.074413;0.179565
2.450;-2.089040;0.197522
2.460;-2.104468;0.216075
2.470;-2.120266;0.234683
2.480;-2.136205;0.253168
2.490;-2.152232;0.271701
2.500;-2.168363;0.290658
2.510;-2.184568;0.310415
2.520;-2.200678;0.331188
2.530;-2.216363;0.352959
2.540;-2.231191;0.375472
2.550;-2.244727;0.398235
2.560;-2.256641;0.420544
2.570;-2.266782;0.441555
2.580;-2.275206;0.460454
2.590;-2.282150;0.476700
2.600;-2.287960;0.490211
2.610;-2.293013;0.501410
2.620;-2.297642;0.511082
2.630;-2.302098;0.520137
2.640;-2.306549;0.529343
2.650;-2.311112;0.539134
2.660;-2.315874;0.549536
2.670;-2.320864;0.560208
2.680;-2.326006;0.570595
2.690;-2.331094;0.580134
2.700;-2.335816;0.588450
2.710;-2.339844;0.595481
2.720;-2.342944;0.601506
2.730;-2.345060;0.607064
2.740;-2.346339;0.612768
2.750;-2.347086;0.619053
2.760;-2.347695;0.625956
2.770;-2.348583;0.633054
2.780;-2.350168;0.639620
2.790;-2.352858;0.644894
2.800;-2.357037;0.648369
2.810;-2.363021;0.649969
2.820;-2.371015;0.650077
2.830;-2.381066;0.649392
2.840;-2.393059;0.648679
2.850;-2.406726;0.648472
2.860;-2.421704;0.648903
2.870;-2.437627;0.649720
2.880;-2.454249;0.650480
2.890;-2.471568;0.650772
2.900;-2.489910;0.650353
2.910;-2.509959;0.649160
2.920;-2.532702;0.647272
2.930;-2.559305;0.644874
2.940;-2.590918;0.642237
2.950;-2.628476;0.639680
2.960;-2.672525;0.637485
2.970;-2.723142;0.635834
2.980;-2.779943;0.634813
2.990;-2.842153;0.634469
3.000;-2.908667;0.634863
3.010;-2.978092;0.636078
3.020;-3.048774;0.638167
3.030;-3.118870;0.641078
3.040;-3.186513;0.644599
3.050;-3.250030;0.648344
3.060;-3.308150;0.651788
3.070;-3.360101;0.654324
3.080;-3.405598;0.655343
3.090;-3.444738;0.654338
3.100;-3.477876;0.651029
3.110;-3.505484;0.645449
3.120;-3.528049;0.637906
3.130;-3.546023;0.628849
3.140;-3.559845;0.618727
3.150;-3.570000;0.607911
3.160;-3.577059;0.596692
3.170;-3.581673;0.585323
3.180;-3.584512;0.574032
3.190;-3.586247;0.563008
3.200;-3.587560;0.552349
3.210;-3.589210;0.542012
3.220;-3.592084;0.531804
3.230;-3.597185;0.521429
3.240;-3.605515;0.510600
3.250;-3.617894;0.499178
3.260;-3.634780;0.487287
3.270;-3.656172;0.475331
3.280;-3.681643;0.463889
3.290;-3.710498;0.453543
3.300;-3.742012;0.444714
3.310;-3.775657;0.437587
3.320;-3.811249;0.432095
3.330;-3.848951;0.427953
3.340;-3.889112;0.424703
3.350;-3.932022;0.421806
3.360;-3.977647;0.418797
3.370;-4.025451;0.415451
3.380;-4.074353;0.411885
3.390;-4.122831;0.408511
3.400;-4.169130;0.405840
3.410;-4.211548;0.404245
3.420;-4.248709;0.403782
3.430;-4.279791;0.404167
3.440;-4.304652;0.404901
3.450;-4.323851;0.405475
3.460;-4.338523;0.405571
3.470;-4.350137;0.405137
3.480;-4.360196;0.404312
3.490;-4.369954;0.403246
3.500;-4.380258;0.401934
3.510;-4.391538;0.400185
3.520;-4.403930;0.397702
3.530;-4.417473;0.394170
3.540;-4.432295;0.389279
3.550;-4.448724;0.382682
3.560;-4.467309;0.374005
3.570;-4.488741;0.362946
3.580;-4.513705;0.349458
3.590;-4.542668;0.333962
3.600;-4.575668;0.317484
3.610;-4.612187;0.301628
3.620;-4.651193;0.288292
3.630;-4.691370;0.279140
3.640;-4.731454;0.274982
3.650;-4.770540;0.275339
3.660;-4.808216;0.278419
3.670;-4.844495;0.281569
3.680;-4.879619;0.282060
3.690;-4.913815;0.277893
3.700;-4.947093;0.268356
3.710;-4.979090;0.254177
3.720;-5.009008;0.237266
3.730;-5.035677;0.220158
3.740;-5.057771;0.205342
3.750;-5.074162;0.194657
3.760;-5.084270;0.188921
3.770;-5.088297;0.187856
3.780;-5.087230;0.190310
3.790;-5.082605;0.194664
3.800;-5.076110;0.199295
3.810;-5.069157;0.202952
3.820;-5.062593;0.204981
3.830;-5.056617;0.205377
3.840;-5.050928;0.204672
3.850;-5.045006;0.203702
3.860;-5.038405;0.203280
3.870;-5.030959;0.203868
3.880;-5.022813;0.205397
3.890;-5.014301;0.207303
3.900;-5.005737;0.208794
3.910;-4.997224;0.209213
3.920;-4.988548;0.208323
3.930;-4.979154;0.206398
3.940;-4.968211;0.204095
3.950;-4.954750;0.202175
3.960;-4.937849;0.201199
3.970;-4.916829;0.201315
3.980;-4.891406;0.202219
3.990;-4.861736;0.203299
4.000;-4.828357;0.203877
4.010;-4.792044;0.203449
4.020;-4.753627;0.201821
4.030;-4.713862;0.199133
4.040;-4.673376;0.195754
4.050;-4.632701;0.192134
4.060;-4.592323;0.188658
4.070;-4.552693;0.185558
4.080;-4.514203;0.182880
4.090;-4.477141;0.180471
4.100;-4.441690;0.177990
4.110;-4.407978;0.174967
4.120;-4.376129;0.170968
4.130;-4.346292;0.165786
4.140;-4.318595;0.159592
4.150;-4.293046;0.152963
4.160;-4.269423;0.146774
4.170;-4.247203;0.141989
4.180;-4.225622;0.139399
4.190;-4.203883;0.139365
4.200;-4.181474;0.141666
4.210;-4.158469;0.145515
4.220;-4.135657;0.149798
4.230;-4.114373;0.153434
4.240;-4.096075;0.155742
4.250;-4.081830;0.156614
4.260;-4.071931;0.156465
4.270;-4.065812;0.155972
4.280;-4.062237;0.155741
4.290;-4.059683;0.156072
4.300;-4.056738;0.156917
4.310;-4.052386;0.158028
4.320;-4.046110;0.159178
4.330;-4.037843;0.160310
4.340;-4.027821;0.161532
4.350;-4.016421;0.162980
4.360;-4.004041;0.164618
4.370;-3.991055;0.166104
4.380;-3.977794;0.166799
4.390;-3.964527;0.165920
4.400;-3.951404;0.162797
4.410;-3.938370;0.157096
4.420;-3.925083;0.148916
4.430;-3.910875;0.138751
4.440;-3.894835;0.127330
4.450;-3.876028;0.115421
4.460;-3.853799;0.103654
4.470;-3.828021;0.092377
4.480;-3.799166;0.081598
4.490;-3.768158;0.071021
4.500;-3.736058;0.060192
4.510;-3.703759;0.048687
4.520;-3.671812;0.036256
4.530;-3.640457;0.022834
4.540;-3.609835;0.008416
4.550;-3.580229;-0.007093
4.560;-3.552212;-0.023945
4.570;-3.526632;-0.042473
4.580;-3.504443;-0.062909
4.590;-3.486456;-0.085183
4.600;-3.473111;-0.108820
4.610;-3.464352;-0.133000
4.620;-3.459633;-0.156771
4.630;-3.458040;-0.179361
4.640;-3.458461;-0.200454
4.650;-3.459765;-0.220319
4.660;-3.460944;-0.239720
4.670;-3.461223;-0.259645
4.680;-3.460105;-0.280945
4.690;-3.457386;-0.304033
4.700;-3.453098;-0.328745
4.710;-3.447429;-0.354423
4.720;-3.440632;-0.380188
4.730;-3.432938;-0.405257
4.740;-3.424488;-0.429174
4.750;-3.415272;-0.451835
4.760;-3.405099;-0.473337
4.770;-3.393616;-0.493756
4.780;-3.380384;-0.512980
4.790;-3.365001;-0.530735
4.800;-3.347229;-0.546781
4.810;-3.327089;-0.561153
4.820;-3.304871;-0.574283
4.830;-3.281055;-0.586912
4.840;-3.256183;-0.599857
4.850;-3.230736;-0.613748
4.860;-3.205068;-0.628871
4.870;-3.179386;-0.645157
4.880;-3.153770;-0.662299
4.890;-3.128233;-0.679948
4.900;-3.102836;-0.697897
4.910;-3.077785;-0.716183
4.920;-3.053474;-0.735062
4.930;-3.030402;-0.754909
4.940;-3.009002;-0.776084
4.950;-2.989473;-0.798831
4.960;-2.971749;-0.823187
4.970;-2.955643;-0.848933
4.980;-2.941100;-0.875594
4.990;-2.928408;-0.902512
5.000;-2.918255;-0.928993
5.010;-2.911595;-0.954464
5.020;-2.909388;-0.978593
5.030;-2.912333;-1.001317
5.040;-2.920677;-1.022767
5.050;-2.934151;-1.043155
5.060;-2.952026;-1.062663
5.070;-2.973268;-1.081385
5.080;-2.996760;-1.099303
5.090;-3.021551;-1.116296
5.100;-3.047076;-1.132183
5.110;-3.073247;-1.146829
5.120;-3.100393;-1.160261
5.130;-3.129048;-1.172717
5.140;-3.159687;-1.184546
5.150;-3.192502;-1.195991
5.160;-3.227298;-1.206943
5.170;-3.263528;-1.216808
5.180;-3.300432;-1.224552
5.190;-3.337220;-1.228898
5.200;-3.373231;-1.228597
5.210;-3.408044;-1.222693
5.220;-3.441527;-1.210740
5.230;-3.473790;-1.192936
5.240;-3.505103;-1.170147
5.250;-3.535777;-1.143734
5.260;-3.566067;-1.115238
5.270;-3.596099;-1.086009
5.280;-3.625851;-1.056967
5.290;-3.655210;-1.028569
5.300;-3.684061;-1.000957
5.310;-3.712383;-0.974152
5.320;-3.740268;-0.948210
5.330;-3.767870;-0.923281
5.340;-3.795305;-0.899596
5.350;-3.822571;-0.877395
5.360;-3.849538;-0.856856
5.370;-3.876057;-0.838017
5.380;-3.902135;-0.820713
5.390;-3.928110;-0.804531
5.400;-3.954698;-0.788808
5.410;-3.982894;-0.772708
5.420;-4.013743;-0.755360
5.430;-4.048078;-0.736048
5.440;-4.086295;-0.714393
5.450;-4.128224;-0.690464
5.460;-4.173114;-0.664801
5.470;-4.219738;-0.638328
5.480;-4.266607;-0.612179
5.490;-4.312226;-0.587495
5.500;-4.355345;-0.565215
5.510;-4.395132;-0.545898
5.520;-4.431242;-0.529618
5.530;-4.463777;-0.515950
5.540;-4.493170;-0.504074
5.550;-4.520021;-0.492989
5.560;-4.544949;-0.481756
5.570;-4.568469;-0.469726
5.580;-4.590923;-0.456656
5.590;-4.612471;-0.442717
5.600;-4.633152;-0.428395
5.610;-4.652975;-0.414333
5.620;-4.672035;-0.401165
5.630;-4.690573;-0.389398
5.640;-4.708939;-0.379347
5.650;-4.727477;-0.371134
5.660;-4.746381;-0.364707
5.670;-4.765591;-0.359884
5.680;-4.784825;-0.356364
5.690;-4.803723;-0.353746
5.700;-4.822032;-0.351561
5.710;-4.839729;-0.349342
5.720;-4.857033;-0.346704
5.730;-4.874322;-0.343414
5.740;-4.892001;-0.339420
5.750;-4.910366;-0.334837
5.760;-4.929506;-0.329899
5.770;-4.949288;-0.324890
5.780;-4.969430;-0.320071
5.790;-4.989640;-0.315629
5.800;-5.009741;-0.311641
5.810;-5.029714;-0.308083
5.820;-5.049670;-0.304835
5.830;-5.069732;-0.301687
5.840;-5.089914;-0.298318
5.850;-5.110040;-0.294306
5.860;-5.129739;-0.289177
5.870;-5.148553;-0.282523
5.880;-5.166082;-0.274128
5.890;-5.182121;-0.264022
5.900;-5.196723;-0.252450
5.910;-5.210168;-0.239777
5.920;-5.222843;-0.226363
5.930;-5.235071;-0.212485
5.940;-5.246949;-0.198305
5.950;-5.258279;-0.183891
5.960;-5.268603;-0.169227
5.970;-5.277337;-0.154217
5.980;-5.283902;-0.138698
5.990;-5.287816;-0.122500
6.000;-5.288711;-0.105554
6.010;-5.286326;-0.087999
6.020;-5.280529;-0.070209
6.030;-5.271370;-0.052725
6.040;-5.259145;-0.036101
6.050;-5.244387;-0.020752
6.060;-5.227784;-0.006879
6.070;-5.210020;0.005497
6.080;-5.191601;0.016431
6.090;-5.172767;0.025924
6.100;-5.153534;0.033836
6.110;-5.133884;0.039850
6.120;-5.113984;0.043503
6.130;-5.094330;0.044289
6.140;-5.075695;0.041798
6.150;-5.058911;0.035855
6.160;-5.044562;0.026598
6.170;-5.032726;0.014477
6.180;-5.022879;0.000166
6.190;-5.013992;-0.015559
6.200;-5.004796;-0.031965
6.210;-4.994072;-0.048501
6.220;-4.980897;-0.064908
6.230;-4.964733;-0.081284
6.240;-4.945420;-0.098057
6.250;-4.923100;-0.115844
6.260;-4.898131;-0.135218
6.270;-4.870995;-0.156423
6.280;-4.842223;-0.179178
6.290;-4.812374;-0.202662
6.300;-4.782065;-0.225722
6.310;-4.752011;-0.247218
6.320;-4.723023;-0.266350
6.330;-4.695912;-0.282848
6.340;-4.671348;-0.296965
6.350;-4.649758;-0.309318
6.360;-4.631305;-0.320624
6.370;-4.615933;-0.331438
6.380;-4.603455;-0.341963
6.390;-4.593655;-0.352021
6.400;-4.586369;-0.361171
6.410;-4.581552;-0.368937
6.420;-4.579290;-0.375017
6.430;-4.579760;-0.379393
6.440;-4.583149;-0.382301
6.450;-4.589575;-0.384111
6.460;-4.599044;-0.385221
6.470;-4.611439;-0.386040
6.480;-4.626541;-0.387035
6.490;-4.644027;-0.388777
6.500;-4.663490;-0.391872
6.510;-4.684456;-0.396809
6.520;-4.706450;-0.403787
6.530;-4.729073;-0.412624
6.540;-4.752069;-0.422803
6.550;-4.775332;-0.433640
6.560;-4.798806;-0.444484
6.570;-4.822342;-0.454860
6.580;-4.845548;-0.464479
6.590;-4.867721;-0.473185
6.600;-4.887883;-0.480888
6.610;-4.904925;-0.487534
6.620;-4.917829;-0.493133
6.630;-4.925913;-0.497805
6.640;-4.929007;-0.501842
6.650;-4.927515;-0.505735
6.660;-4.922324;-0.510127
6.670;-4.914604;-0.515680
6.680;-4.905545;-0.522896
6.690;-4.896116;-0.531976
6.700;-4.886924;-0.542783
6.710;-4.878239;-0.554897
6.720;-4.870128;-0.567760
6.730;-4.862625;-0.580823
6.740;-4.855810;-0.593679
6.750;-4.849779;-0.606125
6.760;-4.844573;-0.618165
6.770;-4.840130;-0.629958
6.780;-4.836327;-0.641718
6.790;-4.833038;-0.653606
6.800;-4.830185;-0.665643
6.810;-4.827733;-0.677646
6.820;-4.825650;-0.689222
6.830;-4.823882;-0.699803
6.840;-4.822345;-0.708733
6.850;-4.820957;-0.715396
6.860;-4.819664;-0.719359
6.870;-4.818454;-0.720471
6.880;-4.817331;-0.718907
6.890;-4.816266;-0.715137
6.900;-4.815136;-0.709851
6.910;-4.813705;-0.703856
6.920;-4.811661;-0.697950
6.930;-4.808696;-0.692776
6.940;-4.804598;-0.688715
6.950;-4.799309;-0.685868
6.960;-4.792945;-0.684166
6.970;-4.785772;-0.683539
6.980;-4.778146;-0.684028
6.990;-4.770457;-0.685769
7.000;-4.763060;-0.688866
7.010;-4.756200;-0.693261
7.020;-4.749902;-0.698701
7.030;-4.743877;-0.704815
7.040;-4.737525;-0.711218
7.050;-4.730095;-0.717616
7.060;-4.720968;-0.723869
7.070;-4.709955;-0.730053
7.080;-4.697446;-0.736492
7.090;-4.684325;-0.743724
7.100;-4.671663;-0.752355
7.110;-4.660320;-0.762849
7.120;-4.650626;-0.775307
7.130;-4.642265;-0.789361
7.140;-4.634413;-0.804261
7.150;-4.626044;-0.819142
7.160;-4.616283;-0.833366
7.170;-4.604663;-0.846758
7.180;-4.591228;-0.859620
7.190;-4.576481;-0.872538
7.200;-4.561221;-0.886096
7.210;-4.546327;-0.900651
7.220;-4.532511;-0.916261
7.230;-4.520109;-0.932755
7.240;-4.508949;-0.949872
7.250;-4.498398;-0.967370
7.260;-4.487598;-0.985079
7.270;-4.475796;-1.002887
7.280;-4.462635;-1.020725
7.290;-4.448263;-1.038560
7.300;-4.433235;-1.056415
7.310;-4.418257;-1.074396
7.320;-4.403888;-1.092678
7.330;-4.390336;-1.111455
7.340;-4.377417;-1.130831
7.350;-4.364686;-1.150723
7.360;-4.351652;-1.170783
7.370;-4.337982;-1.190413
7.380;-4.323630;-1.208887
7.390;-4.308831;-1.225551
7.400;-4.293996;-1.240019
7.410;-4.279521;-1.252281
7.420;-4.265615;-1.262682
7.430;-4.252192;-1.271840
7.440;-4.238881;-1.280528
7.450;-4.225146;-1.289551
7.460;-4.210436;-1.299607
7.470;-4.194338;-1.311164
7.480;-4.176675;-1.324364
7.490;-4.157575;-1.339000
7.500;-4.137489;-1.354553
7.510;-4.117138;-1.370278
7.520;-4.097399;-1.385339
7.530;-4.079151;-1.398930
7.540;-4.063131;-1.410387
7.550;-4.049802;-1.419257
7.560;-4.039268;-1.425373
7.570;-4.031223;-1.428909
7.580;-4.024961;-1.430375
7.590;-4.019461;-1.430515
7.600;-4.013545;-1.430097
7.610;-4.006096;-1.429716
7.620;-3.996302;-1.429677
7.630;-3.983834;-1.430037
7.640;-3.968911;-1.430739
7.650;-3.952169;-1.431762
7.660;-3.934366;-1.433218
7.670;-3.916042;-1.435368
7.680;-3.897293;-1.438556
7.690;-3.877745;-1.443112
7.700;-3.856735;-1.449222
7.710;-3.833583;-1.456827
7.720;-3.807819;-1.465586
7.730;-3.779278;-1.474950
7.740;-3.748048;-1.484354
7.750;-3.714344;-1.493445
7.760;-3.678409;-1.502231
7.770;-3.640477;-1.511047
7.780;-3.600799;-1.520322
7.790;-3.559648;-1.530268
7.800;-3.517277;-1.540628
7.810;-3.473846;-1.550629
7.820;-3.429388;-1.559177
7.830;-3.383872;-1.565209
7.840;-3.337355;-1.568039
7.850;-3.290147;-1.567558
7.860;-3.242880;-1.564206
7.870;-3.196436;-1.558766
7.880;-3.151781;-1.552071
7.890;-3.109771;-1.544770
7.900;-3.071022;-1.537223
7.910;-3.035859;-1.529540
7.920;-3.004351;-1.521677
7.930;-2.976390;-1.513514
7.940;-2.951784;-1.504878
7.950;-2.930313;-1.495545
7.960;-2.911742;-1.485284
7.970;-2.895807;-1.473919
7.980;-2.882223;-1.461359
7.990;-2.870732;-1.447528
8.000;-2.861173;-1.432260
8.010;-2.853512;-1.415256
8.020;-2.847828;-1.396177
8.030;-2.844246;-1.374822
8.040;-2.842883;-1.351277
8.050;-2.843814;-1.325928
8.060;-2.847071;-1.299327
8.070;-2.852638;-1.271971
8.080;-2.860421;-1.244115
8.090;-2.870194;-1.215693
8.100;-2.881572;-1.186371
8.110;-2.894081;-1.155709
8.120;-2.907326;-1.123349
8.130;-2.921223;-1.089175
8.140;-2.936193;-1.053366
8.150;-2.953212;-1.016328
8.160;-2.973651;-0.978562
8.170;-2.998935;-0.940524
8.180;-3.030145;-0.902569
8.190;-3.067682;-0.864990
8.200;-3.111091;-0.828105
8.210;-3.159061;-0.792356
8.220;-3.209590;-0.758336
8.230;-3.260285;-0.726730
8.240;-3.308733;-0.698176
8.250;-3.352901;-0.673083
8.260;-3.391433;-0.651500
8.270;-3.423788;-0.633087
8.280;-3.450138;-0.617251
8.290;-3.471101;-0.603392
8.300;-3.487390;-0.591191
8.310;-3.499544;-0.580778
8.320;-3.507816;-0.572681
8.330;-3.512211;-0.567524
8.340;-3.512612;-0.565635
8.350;-3.508879;-0.566769
8.360;-3.500875;-0.570097
8.370;-3.488466;-0.574439
8.380;-3.471539;-0.578630
8.390;-3.450052;-0.581844
8.400;-3.424094;-0.583778
8.410;-3.393915;-0.584670
8.420;-3.359944;-0.585165
8.430;-3.322785;-0.586093
8.440;-3.283205;-0.588194
8.450;-3.242076;-0.591878
8.460;-3.200256;-0.597082
8.470;-3.158424;-0.603275
8.480;-3.116938;-0.609623
8.490;-3.075811;-0.615222
8.500;-3.034813;-0.619342
8.510;-2.993658;-0.621585
8.520;-2.952185;-0.621948
8.530;-2.910436;-0.620794
8.540;-2.868615;-0.618733
8.550;-2.826979;-0.616476
8.560;-2.785751;-0.614707
8.570;-2.745107;-0.613994
8.580;-2.705251;-0.614763
8.590;-2.666489;-0.617321
8.600;-2.629248;-0.621864
8.610;-2.594036;-0.628470
8.620;-2.561359;-0.637045
8.630;-2.531645;-0.647285
8.640;-2.505179;-0.658688
8.650;-2.482037;-0.670657
8.660;-2.462062;-0.682676
8.670;-2.444872;-0.694486
8.680;-2.429932;-0.706147
8.690;-2.416648;-0.717949
8.700;-2.404449;-0.730184
8.710;-2.392827;-0.742910
8.720;-2.381352;-0.755842
8.730;-2.369695;-0.768424
8.740;-2.357668;-0.780037
8.750;-2.345253;-0.790229
8.760;-2.332598;-0.798864
8.770;-2.319953;-0.806134
8.780;-2.307589;-0.812457
8.790;-2.295718;-0.818317
8.800;-2.284416;-0.824097
8.810;-2.273574;-0.829985
8.820;-2.262908;-0.835968
8.830;-2.252031;-0.841923
8.840;-2.240588;-0.847752
8.850;-2.228400;-0.853479
8.860;-2.215567;-0.859263
8.870;-2.202487;-0.865327
8.880;-2.189792;-0.871853
8.890;-2.178233;-0.878900
8.900;-2.168562;-0.886373
8.910;-2.161433;-0.894012
8.920;-2.157332;-0.901410
8.930;-2.156552;-0.908030
8.940;-2.159209;-0.913251
8.950;-2.165276;-0.916461
8.960;-2.174636;-0.917199
8.970;-2.187120;-0.915328
8.980;-2.202542;-0.911160
8.990;-2.220725;-0.905469
9.000;-2.241506;-0.899349
9.010;-2.264721;-0.893957
9.020;-2.290153;-0.890215
9.030;-2.317490;-0.888571
9.040;-2.346330;-0.888876
9.050;-2.376226;-0.890459
9.060;-2.406763;-0.892371
9.070;-2.437615;-0.893702
9.080;-2.468553;-0.893847
9.090;-2.499416;-0.892626
9.100;-2.530062;-0.890249
9.110;-2.560354;-0.887164
9.120;-2.590189;-0.883887
9.130;-2.619516;-0.880855
9.140;-2.648295;-0.878339
9.150;-2.676388;-0.876447
9.160;-2.703466;-0.875166
9.170;-2.729002;-0.874433
9.180;-2.752399;-0.874172
9.190;-2.773162;-0.874277
9.200;-2.791045;-0.874577
9.210;-2.806075;-0.874841
9.220;-2.818474;-0.874838
9.230;-2.828529;-0.874432
9.240;-2.836482;-0.873650
9.250;-2.842482;-0.872665
9.260;-2.846614;-0.871729
9.270;-2.848952;-0.871091
9.280;-2.849615;-0.870967
9.290;-2.848774;-0.871563
9.300;-2.846628;-0.873109
9.310;-2.843383;-0.875865
9.320;-2.839253;-0.880074
9.330;-2.834483;-0.885868
9.340;-2.829364;-0.893171
9.350;-2.824230;-0.901649
9.360;-2.819428;-0.910749
9.370;-2.815293;-0.919825
9.380;-2.812138;-0.928295
9.390;-2.810273;-0.935749
9.400;-2.810024;-0.941983
9.410;-2.811722;-0.946965
9.420;-2.815646;-0.950816
9.430;-2.821932;-0.953789
9.440;-2.830518;-0.956229
9.450;-2.841134;-0.958462
9.460;-2.853367;-0.960650
9.470;-2.866751;-0.962706
9.480;-2.880883;-0.964318
9.490;-2.895547;-0.965093
9.500;-2.910823;-0.964734
9.510;-2.927118;-0.963196
9.520;-2.945092;-0.960765
9.530;-2.965463;-0.958042
9.540;-2.988767;-0.955801
9.550;-3.015195;-0.954755
9.560;-3.044619;-0.955284
9.570;-3.076801;-0.957217
9.580;-3.111693;-0.959751
9.590;-3.149662;-0.961566
9.600;-3.191514;-0.961087
9.610;-3.238313;-0.956827
9.620;-3.291064;-0.947697
9.630;-3.350373;-0.933228
9.640;-3.416215;-0.913674
9.650;-3.487868;-0.889970
9.660;-3.564040;-0.863542
9.670;-3.643105;-0.836017
9.680;-3.723365;-0.808929
9.690;-3.803256;-0.783518
9.700;-3.881475;-0.760647
9.710;-3.957047;-0.740805
9.720;-4.029330;-0.724158
9.730;-4.097966;-0.710605
9.740;-4.162761;-0.699874
9.750;-4.223554;-0.691617
9.760;-4.280099;-0.685520
9.770;-4.332006;-0.681368
9.780;-4.378786;-0.679082
9.790;-4.419961;-0.678717
9.800;-4.455212;-0.680442
9.810;-4.484504;-0.684483
9.820;-4.508117;-0.691035
9.830;-4.526609;-0.700149
9.840;-4.540705;-0.711656
9.850;-4.551189;-0.725183
9.860;-4.558807;-0.740240
9.870;-4.564201;-0.756370
9.880;-4.567877;-0.773272
9.890;-4.570206;-0.790835
9.900;-4.571461;-0.809083
9.910;-4.571869;-0.828054
9.920;-4.571665;-0.847677
9.930;-4.571106;-0.867715
9.940;-4.570464;-0.887772
9.950;-4.569997;-0.907384
9.960;-4.569915;-0.926128
9.970;-4.570356;-0.943732
9.980;-4.571353;-0.960126
9.990;-4.572802;-0.975428
10.000;-4.574431;-0.989862
10.010;-4.575806;-1.003668
10.020;-4.576402;-1.017028
10.030;-4.575731;-1.030045
10.040;-4.573487;-1.042768
10.050;-4.569634;-1.055244
10.060;-4.564391;-1.067572
10.070;-4.558150;-1.079941
10.080;-4.551370;-1.092614
10.090;-4.544492;-1.105841
10.100;-4.537892;-1.119713
10.110;-4.531875;-1.134037
10.120;-4.526676;-1.148334
10.130;-4.522487;-1.162004
10.140;-4.519477;-1.174616
10.150;-4.517804;-1.186166
10.160;-4.517592;-1.197152
10.170;-4.518904;-1.208377
10.180;-4.521732;-1.220581
10.190;-4.526014;-1.234091
10.200;-4.531704;-1.248691
10.210;-4.538827;-1.263758
10.220;-4.547510;-1.278600
10.230;-4.557961;-1.292826
10.240;-4.570414;-1.306615
10.250;-4.585109;-1.320776
10.260;-4.602294;-1.336585
10.270;-4.622221;-1.355420
10.280;-4.645066;-1.378338
10.290;-4.670807;-1.405712
10.300;-4.699106;-1.437096
10.310;-4.729294;-1.471390
10.320;-4.760432;-1.507271
10.330;-4.791441;-1.543677
10.340;-4.821246;-1.580093
10.350;-4.848910;-1.616533
10.360;-4.873753;-1.653286
10.370;-4.895432;-1.690631
10.380;-4.913937;-1.728665
10.390;-4.929522;-1.767296
10.400;-4.942573;-1.806356
10.410;-4.953505;-1.845759
10.420;-4.962724;-1.885634
10.430;-4.970620;-1.926338
10.440;-4.977560;-1.968343
10.450;-4.983833;-2.012050
10.460;-4.989591;-2.057652
10.470;-4.994803;-2.105132
10.480;-4.999270;-2.154365
10.490;-5.002681;-2.205259
10.500;-5.004725;-2.257839
10.510;-5.005230;-2.312257
10.520;-5.004282;-2.368709
10.530;-5.002250;-2.427339
10.540;-4.999687;-2.488194
10.550;-4.997127;-2.551263
10.560;-4.994873;-2.616566
10.570;-4.992869;-2.684188
10.580;-4.990705;-2.754198
10.590;-4.987764;-2.826465
10.600;-4.983426;-2.900490
10.610;-4.977233;-2.975325
10.620;-4.968978;-3.049641
10.630;-4.958703;-3.121914
10.640;-4.946652;-3.190669
10.650;-4.933228;-3.254727
10.660;-4.918928;-3.313396
10.670;-4.904255;-3.366519
10.680;-4.889618;-3.414375
10.690;-4.875273;-3.457458
10.700;-4.861333;-3.496248
10.710;-4.847874;-3.531110
10.720;-4.835063;-3.562355
10.730;-4.823246;-3.590405
10.740;-4.812903;-3.615889
10.750;-4.804507;-3.639595
10.760;-4.798373;-3.662265
10.770;-4.794585;-3.684376
10.780;-4.793039;-3.706007
10.790;-4.793532;-3.726859
10.800;-4.795834;-3.746421
10.810;-4.799676;-3.764190
10.820;-4.804709;-3.779836
10.830;-4.810448;-3.793271
10.840;-4.816272;-3.804628
10.850;-4.821457;-3.814223
10.860;-4.825268;-3.822573
10.870;-4.827073;-3.830433
10.880;-4.826484;-3.838803
10.890;-4.823446;-3.848835
10.900;-4.818221;-3.861625
10.910;-4.811263;-3.877925
10.920;-4.803058;-3.897907
10.930;-4.794019;-3.921062
10.940;-4.784469;-3.946308
10.950;-4.774704;-3.972257
10.960;-4.765046;-3.997554
10.970;-4.755840;-4.021170
10.980;-4.747365;-4.042588
10.990;-4.739724;-4.061839
11.000;-4.732764;-4.079406
11.010;-4.726121;-4.095996
11.020;-4.719351;-4.112233
11.030;-4.712124;-4.128372
11.040;-4.704375;-4.144161
11.050;-4.696354;-4.158904
11.060;-4.688575;-4.171661
11.070;-4.681644;-4.181473
11.080;-4.676061;-4.187509
11.090;-4.672038;-4.189152
11.100;-4.669428;-4.186045
11.110;-4.667778;-4.178087
11.120;-4.666482;-4.165401
11.130;-4.664962;-4.148249
11.140;-4.662827;-4.126929
11.150;-4.659926;-4.101663
11.160;-4.656285;-4.072516
11.170;-4.651938;-4.039352
11.180;-4.646744;-4.001856
11.190;-4.640278;-3.959629
11.200;-4.631911;-3.912356
11.210;-4.621040;-3.859984
11.220;-4.607377;-3.802856
11.230;-4.591155;-3.741757
11.240;-4.573157;-3.677855
11.250;-4.554552;-3.612539
11.260;-4.536608;-3.547167
11.270;-4.520390;-3.482759
11.280;-4.506562;-3.419728
11.290;-4.495333;-3.357780
11.300;-4.486540;-3.296030
11.310;-4.479813;-3.233374
11.320;-4.474757;-3.168978
11.330;-4.471085;-3.102730
11.340;-4.468683;-3.035429
11.350;-4.467599;-2.968642
11.360;-4.467987;-2.904248
11.370;-4.470046;-2.843901
11.380;-4.474003;-2.788596
11.390;-4.480128;-2.738492
11.400;-4.488717;-2.693002
11.410;-4.500021;-2.651084
11.420;-4.514130;-2.611605
11.430;-4.530905;-2.573668
11.440;-4.550007;-2.536782
11.450;-4.571026;-2.500835
11.460;-4.593632;-2.465921
11.470;-4.617668;-2.432123
11.480;-4.643134;-2.399390
11.490;-4.670042;-2.367528
11.500;-4.698216;-2.336279
11.510;-4.727103;-2.305396
11.520;-4.755665;-2.274683
11.530;-4.782456;-2.243985
11.540;-4.805869;-2.213161
11.550;-4.824535;-2.182045
11.560;-4.837712;-2.150418
11.570;-4.845487;-2.117999
11.580;-4.848669;-2.084470
11.590;-4.848417;-2.049536
11.600;-4.845794;-2.012990
11.610;-4.841437;-1.974784
11.620;-4.835473;-1.935040
11.630;-4.827664;-1.894018
11.640;-4.817683;-1.852049
11.650;-4.805374;-1.809473
11.660;-4.790870;-1.766597
11.670;-4.774555;-1.723652
11.680;-4.756923;-1.680744
11.690;-4.738441;-1.637849
11.700;-4.719459;-1.594867
11.710;-4.700156;-1.551739
11.720;-4.680523;-1.508539
11.730;-4.660372;-1.465470
11.740;-4.639415;-1.422769
11.750;-4.617406;-1.380626
11.760;-4.594295;-1.339182
11.770;-4.570308;-1.298642
11.780;-4.545902;-1.259416
11.790;-4.521592;-1.222182
11.800;-4.497746;-1.187779
11.810;-4.474453;-1.156944
11.820;-4.451568;-1.130021
11.830;-4.428911;-1.106811
11.840;-4.406551;-1.086635
11.850;-4.384998;-1.068601
11.860;-4.365221;-1.051918
11.870;-4.348443;-1.036132
11.880;-4.335841;-1.021168
11.890;-4.328257;-1.007176
11.900;-4.326052;-0.994290
11.910;-4.329085;-0.982431
11.920;-4.336804;-0.971258
11.930;-4.348377;-0.960268
11.940;-4.362856;-0.949014
11.950;-4.379322;-0.937338
11.960;-4.397026;-0.925519
11.970;-4.415467;-0.914252
11.980;-4.434422;-0.904486
11.990;-4.453915;-0.897175
12.000;-4.474164;-0.893050
12.010;-4.495483;-0.892479
12.020;-4.518161;-0.895441
12.030;-4.542333;-0.901605
12.040;-4.567891;-0.910483
12.050;-4.594498;-0.921621
12.060;-4.621702;-0.934774
12.070;-4.649100;-0.950014
12.080;-4.676485;-0.967715
12.090;-4.703911;-0.988395
12.100;-4.731641;-1.012506
12.110;-4.759978;-1.040285
12.120;-4.789076;-1.071750
12.130;-4.818788;-1.106819
12.140;-4.848643;-1.145448
12.150;-4.877944;-1.187654
12.160;-4.905942;-1.233411
12.170;-4.932005;-1.282458
12.180;-4.955716;-1.334160
12.190;-4.976896;-1.387517
12.200;-4.995589;-1.441343
12.210;-5.012032;-1.494537
12.220;-5.026635;-1.546350
12.230;-5.039954;-1.596530
12.240;-5.052634;-1.645300
12.250;-5.065343;-1.693199
12.260;-5.078719;-1.740845
12.270;-5.093346;-1.788727
12.280;-5.109737;-1.837071
12.290;-5.128317;-1.885826
12.300;-5.149379;-1.934717
12.310;-5.173031;-1.983311
12.320;-5.199142;-2.031029
12.330;-5.227318;-2.077112
12.340;-5.256939;-2.120609
12.350;-5.287284;-2.160433
12.360;-5.317696;-2.195540
12.370;-5.347755;-2.225198
12.380;-5.377379;-2.249244
12.390;-5.406817;-2.268236
12.400;-5.436512;-2.283403
12.410;-5.466901;-2.296418
12.420;-5.498249;-2.309061
12.430;-5.530574;-2.322869
12.440;-5.563692;-2.338862
12.450;-5.597320;-2.357408
12.460;-5.631148;-2.378248
12.470;-5.664848;-2.400634
12.480;-5.698010;-2.423534
12.490;-5.730090;-2.445821
12.500;-5.760452;-2.466434
12.510;-5.788517;-2.484529
12.520;-5.813948;-2.499612
12.530;-5.836745;-2.511606
12.540;-5.857192;-2.520794
12.550;-5.875644;-2.527675
12.560;-5.892285;-2.532780
12.570;-5.906995;-2.536551
12.580;-5.919421;-2.539307
12.590;-5.929217;-2.541270
12.600;-5.936293;-2.542585
12.610;-5.940940;-2.543307
12.620;-5.943764;-2.543359
12.630;-5.945487;-2.542567
12.640;-5.946751;-2.540776
12.650;-5.947995;-2.537961
12.660;-5.949440;-2.534247
12.670;-5.951112;-2.529803
12.680;-5.952907;-2.524708
12.690;-5.954643;-2.518901
12.700;-5.956131;-2.512203
12.710;-5.957230;-2.504357
12.720;-5.957869;-2.495027
12.730;-5.958041;-2.483739
12.740;-5.957766;-2.469861
12.750;-5.957064;-2.452641
12.760;-5.955958;-2.431336
12.770;-5.954476;-2.405385
12.780;-5.952637;-2.374568
12.790;-5.950407;-2.339092
12.800;-5.947656;-2.299580
12.810;-5.944162;-2.256992
12.820;-5.939650;-2.212482
12.830;-5.933849;-2.167247
12.840;-5.926550;-2.122357
12.850;-5.917636;-2.078643
12.860;-5.907082;-2.036642
12.870;-5.894923;-1.996595
12.880;-5.881206;-1.958494
12.890;-5.865952;-1.922140
12.900;-5.849112;-1.887218
12.910;-5.830531;-1.853377
12.920;-5.809907;-1.820315
12.930;-5.786830;-1.787856
12.940;-5.760913;-1.756011
12.950;-5.732042;-1.725043
12.960;-5.700606;-1.695528
12.970;-5.667581;-1.668380
12.980;-5.634353;-1.644759
12.990;-5.602335;-1.625831
13.000;-5.572554;-1.612428
13.010;-5.545420;-1.604740
13.020;-5.520791;-1.602189
13.030;-5.498268;-1.603576
13.040;-5.477538;-1.607452
13.050;-5.458561;-1.612539
13.060;-5.441522;-1.618009
13.070;-5.426614;-1.623534
13.080;-5.413784;-1.629127
13.090;-5.402573;-1.634917
13.100;-5.392090;-1.640983
13.110;-5.381116;-1.647316
13.120;-5.368284;-1.653903
13.130;-5.352304;-1.660865
13.140;-5.332180;-1.668548
13.150;-5.307367;-1.677476
13.160;-5.277817;-1.688168
13.170;-5.243912;-1.700907
13.180;-5.206312;-1.715598
13.190;-5.165798;-1.731769
13.200;-5.123166;-1.748694
13.210;-5.079207;-1.765556
13.220;-5.034741;-1.781550
13.230;-4.990642;-1.795926
13.240;-4.947813;-1.808011
13.250;-4.907092;-1.817241
13.260;-4.869111;-1.823241
13.270;-4.834163;-1.825913
13.280;-4.802118;-1.825479
13.290;-4.772462;-1.822413
13.300;-4.744463;-1.817303
13.310;-4.717420;-1.810685
13.320;-4.690932;-1.802958
13.330;-4.665083;-1.794408
13.340;-4.640485;-1.785311
13.350;-4.618155;-1.776015
13.360;-4.599230;-1.766940
13.370;-4.584597;-1.758454
13.380;-4.574571;-1.750687
13.390;-4.568741;-1.743375
13.400;-4.566049;-1.735842
13.410;-4.565035;-1.727185
13.420;-4.564124;-1.716591
13.430;-4.561870;-1.703659
13.440;-4.557121;-1.688554
13.450;-4.549120;-1.671922
13.460;-4.537550;-1.654613
13.470;-4.522509;-1.637368
13.480;-4.504417;-1.620595
13.490;-4.483888;-1.604331
13.500;-4.461608;-1.588328
13.510;-4.438217;-1.572200
13.520;-4.414177;-1.555542
13.530;-4.389654;-1.537982
13.540;-4.364442;-1.519165
13.550;-4.338018;-1.498738
13.560;-4.309731;-1.476362
13.570;-4.279069;-1.451792
13.580;-4.245881;-1.424988
13.590;-4.210457;-1.396175
13.600;-4.173439;-1.365814
13.610;-4.135640;-1.334484
13.620;-4.097838;-1.302756
13.630;-4.060630;-1.271096
13.640;-4.024364;-1.239810
13.650;-3.989159;-1.209005
13.660;-3.954962;-1.178550
13.670;-3.921600;-1.148102
13.680;-3.888779;-1.117210
13.690;-3.856061;-1.085519
13.700;-3.822912;-1.052985
13.710;-3.788862;-1.019973
13.720;-3.753739;-0.987191
13.730;-3.717831;-0.955490
13.740;-3.681850;-0.925631
13.750;-3.646678;-0.898106
13.760;-3.613012;-0.873076
13.770;-3.581108;-0.850410
13.780;-3.550742;-0.829810
13.790;-3.521404;-0.810955
13.800;-3.492627;-0.793646
13.810;-3.464293;-0.777934
13.820;-3.436824;-0.764216
13.830;-3.411182;-0.753215
13.840;-3.388697;-0.745798
13.850;-3.370740;-0.742685
13.860;-3.358376;-0.744161
13.870;-3.352098;-0.749947
13.880;-3.351733;-0.759273
13.890;-3.356526;-0.771097
13.900;-3.365358;-0.784352
13.910;-3.377012;-0.798131
13.920;-3.390427;-0.811796
13.930;-3.404854;-0.825051
13.940;-3.419909;-0.837976
13.950;-3.435505;-0.850982
13.960;-3.451705;-0.864674
13.970;-3.468570;-0.879630
13.980;-3.486050;-0.896210
13.990;-3.503947;-0.914462
14.000;-3.521950;-0.934184
14.010;-3.539706;-0.955052
14.020;-3.556913;-0.976746
14.030;-3.573396;-0.998973
14.040;-3.589142;-1.021425
14.050;-3.604267;-1.043734
14.060;-3.618943;-1.065504
14.070;-3.633287;-1.086421
14.080;-3.647274;-1.106362
14.090;-3.660695;-1.125410
14.100;-3.673204;-1.143752
14.110;-3.684434;-1.161538
14.120;-3.694144;-1.178832
14.130;-3.702334;-1.195705
14.140;-3.709282;-1.212417
14.150;-3.715486;-1.229561
14.160;-3.721558;-1.248059
14.170;-3.728080;-1.268979
14.180;-3.735463;-1.293225
14.190;-3.743822;-1.321210
14.200;-3.752892;-1.352620
14.210;-3.762061;-1.386369
14.220;-3.770515;-1.420791
14.230;-3.777501;-1.454052
14.240;-3.782577;-1.484676
14.250;-3.785753;-1.512008
14.260;-3.787453;-1.536432
14.270;-3.788362;-1.559261
14.280;-3.789231;-1.582300
14.290;-3.790718;-1.607252
14.300;-3.793288;-1.635178
14.310;-3.797148;-1.666217
14.320;-3.802261;-1.699626
14.330;-3.808420;-1.734065
14.340;-3.815383;-1.767949
14.350;-3.823004;-1.799765
14.360;-3.831312;-1.828277
14.370;-3.840507;-1.852633
14.380;-3.850880;-1.872391
14.390;-3.862710;-1.887491
14.400;-3.876154;-1.898215
14.410;-3.891188;-1.905136
14.420;-3.907592;-1.909091
14.430;-3.924981;-1.911107
14.440;-3.942872;-1.912266
14.450;-3.960773;-1.913484
14.460;-3.978304;-1.915298
14.470;-3.995299;-1.917743
14.480;-4.011852;-1.920440
14.490;-4.028269;-1.922854
14.500;-4.044952;-1.924624
14.510;-4.062287;-1.925775
14.520;-4.080572;-1.926722
14.530;-4.100018;-1.928071
14.540;-4.120770;-1.930329
14.550;-4.142916;-1.933634
14.560;-4.166441;-1.937598
14.570;-4.191134;-1.941343
14.580;-4.216522;-1.943726
14.590;-4.241874;-1.943681
14.600;-4.266280;-1.940530
14.610;-4.288771;-1.934140
14.620;-4.308449;-1.924899
14.630;-4.324608;-1.913541
14.640;-4.336837;-1.900899
14.650;-4.345073;-1.887691
14.660;-4.349579;-1.874399
14.670;-4.350828;-1.861239
14.680;-4.349338;-1.848224
14.690;-4.345511;-1.835258
14.700;-4.339542;-1.822245
14.710;-4.331437;-1.809147
14.720;-4.321109;-1.795984
14.730;-4.308523;-1.782800
14.740;-4.293825;-1.769639
14.750;-4.277423;-1.756555
14.760;-4.259964;-1.743632
14.770;-4.242213;-1.730978
14.780;-4.224893;-1.718673
14.790;-4.208547;-1.706697
14.800;-4.193499;-1.694871
14.810;-4.179887;-1.682848
14.820;-4.167739;-1.670152
14.830;-4.157045;-1.656273
14.840;-4.147817;-1.640779
14.850;-4.140123;-1.623400
14.860;-4.134100;-1.604062
14.870;-4.129947;-1.582858
14.880;-4.127908;-1.560028
14.890;-4.128226;-1.535940
14.900;-4.131097;-1.511102
14.910;-4.136606;-1.486156
14.920;-4.144667;-1.461849
14.930;-4.154987;-1.438978
14.940;-4.167061;-1.418299
14.950;-4.180254;-1.400405
14.960;-4.193943;-1.385581
14.970;-4.207684;-1.373684
14.980;-4.221305;-1.364128
14.990;-4.234926;-1.355983
15.000;-4.248895;-1.348165
15.010;-4.263717;-1.339666
15.020;-4.279986;-1.329790
15.030;-4.298340;-1.318340
15.040;-4.319407;-1.305664
15.050;-4.343749;-1.292514
15.060;-4.371790;-1.279741
15.070;-4.403767;-1.267957
15.080;-4.439704;-1.257353
15.090;-4.479395;-1.247760
15.100;-4.522441;-1.238888
15.110;-4.568317;-1.230600
15.120;-4.616487;-1.223049
15.130;-4.666516;-1.216629
15.140;-4.718146;-1.211824
15.150;-4.771286;-1.209047
15.160;-4.825912;-1.208518
15.170;-4.881856;-1.210202
15.180;-4.938565;-1.213797
15.190;-4.994944;-1.218785
15.200;-5.049418;-1.224538
15.210;-5.100232;-1.230476
15.220;-5.145895;-1.236221
15.230;-5.185559;-1.241700
15.240;-5.219161;-1.247145
15.250;-5.247266;-1.253010
15.260;-5.270722;-1.259822
15.270;-5.290308;-1.268024
15.280;-5.306545;-1.277829
15.290;-5.319733;-1.289151
15.300;-5.330121;-1.301627
15.310;-5.338057;-1.314750
15.320;-5.344020;-1.328045
15.330;-5.348509;-1.341209
15.340;-5.351873;-1.354174
15.350;-5.354189;-1.367048
15.360;-5.355271;-1.379974
15.370;-5.354784;-1.392956
15.380;-5.352437;-1.405723
15.390;-5.348160;-1.417726
15.400;-5.342195;-1.428277
15.410;-5.335079;-1.436804
15.420;-5.327511;-1.443070
15.430;-5.320161;-1.447250
15.440;-5.313472;-1.449824
15.450;-5.307522;-1.451346
15.460;-5.301951;-1.452233
15.470;-5.295973;-1.452645
15.480;-5.288487;-1.452505
15.490;-5.278287;-1.451602
15.500;-5.264344;-1.449746
15.510;-5.246054;-1.446889
15.520;-5.223371;-1.443209
15.530;-5.196728;-1.439134
15.540;-5.166766;-1.435303
15.550;-5.133999;-1.432486
15.560;-5.098587;-1.431433
15.570;-5.060318;-1.432672
15.580;-5.018816;-1.436314
15.590;-4.973828;-1.441982
15.600;-4.925473;-1.448927
15.610;-4.874346;-1.456302
15.620;-4.821464;-1.463465
15.630;-4.768091;-1.470144
15.640;-4.715519;-1.476380
15.650;-4.664856;-1.482292
15.660;-4.616879;-1.487819
15.670;-4.571943;-1.492610
15.680;-4.529992;-1.496099
15.690;-4.490621;-1.497705
15.700;-4.453207;-1.497029
15.710;-4.417052;-1.493927
15.720;-4.381524;-1.488456
15.730;-4.346135;-1.480740
15.740;-4.310569;-1.470859
15.750;-4.274691;-1.458830
15.760;-4.238528;-1.444670
15.770;-4.202232;-1.428509
15.780;-4.165988;-1.410659
15.790;-4.129923;-1.391616
15.800;-4.094038;-1.371984
15.810;-4.058210;-1.352352
15.820;-4.022226;-1.333177
15.830;-3.985810;-1.314696
15.840;-3.948640;-1.296847
15.850;-3.910343;-1.279263
15.860;-3.870537;-1.261334
15.870;-3.828895;-1.242385
15.880;-3.785248;-1.221905
15.890;-3.739661;-1.199760
15.900;-3.692457;-1.176288
15.910;-3.644166;-1.152230
15.920;-3.595409;-1.128512
15.930;-3.546761;-1.105979
15.940;-3.498677;-1.085140
15.950;-3.451501;-1.066020
15.960;-3.405580;-1.048127
15.970;-3.361385;-1.030552
15.980;-3.319585;-1.012205
15.990;-3.280981;-0.992139
16.000;-3.246325;-0.969878
16.010;-3.216075;-0.945636
16.020;-3.190231;-0.920327
16.030;-3.168344;-0.895312
16.040;-3.149674;-0.871974
16.050;-3.133440;-0.851282
16.060;-3.119045;-0.833532
16.070;-3.106219;-0.818382
16.080;-3.095060;-0.805150
16.090;-3.085962;-0.793213
16.100;-3.079458;-0.782311
16.110;-3.076041;-0.772618
16.120;-3.076030;-0.764582
16.130;-3.079526;-0.758619
16.140;-3.086419;-0.754833
16.150;-3.096429;-0.752891
16.160;-3.109118;-0.752111
16.170;-3.123902;-0.751717
16.180;-3.140094;-0.751119
16.190;-3.157013;-0.750056
16.200;-3.174120;-0.748573
16.210;-3.191104;-0.746878
16.220;-3.207875;-0.745164
16.230;-3.224512;-0.743500
16.240;-3.241207;-0.741834
16.250;-3.258245;-0.740105
16.260;-3.275984;-0.738366
16.270;-3.294807;-0.736848
16.280;-3.315032;-0.735894
16.290;-3.336812;-0.735806
16.300;-3.360070;-0.736676
16.310;-3.384521;-0.738286
16.320;-3.409754;-0.740119
16.330;-3.435330;-0.741468
16.340;-3.460862;-0.741589
16.350;-3.486034;-0.739838
16.360;-3.510582;-0.735762
16.370;-3.534258;-0.729124
16.380;-3.556801;-0.719921
16.390;-3.577935;-0.708377
16.400;-3.597389;-0.694903
16.410;-3.614924;-0.680019
16.420;-3.630380;-0.664267
16.430;-3.643738;-0.648172
16.440;-3.655182;-0.632218
16.450;-3.665114;-0.616815
16.460;-3.674091;-0.602220
16.470;-3.682668;-0.588432
16.480;-3.691211;-0.575159
16.490;-3.699762;-0.561893
16.500;-3.708029;-0.548112
16.510;-3.715547;-0.533500
16.520;-3.721934;-0.518103
16.530;-3.727141;-0.502316
16.540;-3.731559;-0.486721
16.550;-3.735936;-0.471840
16.560;-3.741132;-0.457929
16.570;-3.747810;-0.444889
16.580;-3.756191;-0.432331
16.590;-3.765979;-0.419769
16.600;-3.776473;-0.406838
16.610;-3.786829;-0.393447
16.620;-3.796352;-0.379771
16.630;-3.804692;-0.366110
16.640;-3.811867;-0.352707
16.650;-3.818138;-0.339618
16.660;-3.823822;-0.326742
16.670;-3.829134;-0.313959
16.680;-3.834128;-0.301307
16.690;-3.838725;-0.289051
16.700;-3.842817;-0.277604
16.710;-3.846370;-0.267351
16.720;-3.849486;-0.258496
16.730;-3.852418;-0.251034
16.740;-3.855519;-0.244819
16.750;-3.859191;-0.239657
16.760;-3.863829;-0.235358
16.770;-3.869776;-0.231740
16.780;-3.877292;-0.228613
16.790;-3.886539;-0.225770
16.800;-3.897594;-0.222984
16.810;-3.910495;-0.220024
16.820;-3.925304;-0.216684
16.830;-3.942182;-0.212831
16.840;-3.961430;-0.208468
16.850;-3.983517;-0.203782
16.860;-4.009063;-0.199152
16.870;-4.038760;-0.195097
16.880;-4.073198;-0.192177
16.890;-4.112603;-0.190853
16.900;-4.156586;-0.191341
16.910;-4.204038;-0.193508
16.920;-4.253250;-0.196876
16.930;-4.302262;-0.200745
16.940;-4.349319;-0.204407
16.950;-4.393269;-0.207335
16.960;-4.433730;-0.209300
16.970;-4.471003;-0.210384
16.980;-4.505776;-0.210886
16.990;-4.538758;-0.211161
17.000;-4.570394;-0.211425
17.010;-4.600707;-0.211626
17.020;-4.629320;-0.211449
17.030;-4.655599;-0.210490
17.040;-4.678867;-0.208495
17.050;-4.698605;-0.205551
17.060;-4.714577;-0.202108
17.070;-4.726833;-0.198857
17.080;-4.735631;-0.196520
17.090;-4.741299;-0.195651
17.100;-4.744109;-0.196492
17.110;-4.744186;-0.198914
17.120;-4.741498;-0.202453
17.130;-4.735933;-0.206449
17.140;-4.727442;-0.210243
17.150;-4.716176;-0.213357
17.160;-4.702558;-0.215600
17.170;-4.687247;-0.217065
17.180;-4.671008;-0.218046
17.190;-4.654505;-0.218941
17.200;-4.638115;-0.220170
17.210;-4.621804;-0.222128
17.220;-4.605079;-0.225157
17.230;-4.587045;-0.229540
17.240;-4.566559;-0.235512
17.250;-4.542493;-0.243286
17.260;-4.514003;-0.253070
17.270;-4.480729;-0.265056
17.280;-4.442810;-0.279374
17.290;-4.400755;-0.296039
17.300;-4.355242;-0.314912
17.310;-4.306991;-0.335713
17.320;-4.256739;-0.358089
17.330;-4.205271;-0.381729
17.340;-4.153433;-0.406449
17.350;-4.102076;-0.432184
17.360;-4.051940;-0.458877
17.370;-4.003534;-0.486317
17.380;-3.957079;-0.514033
17.390;-3.912540;-0.541276
17.400;-3.869756;-0.567110
17.410;-3.828575;-0.590595
17.420;-3.788956;-0.611037
17.430;-3.750993;-0.628236
17.440;-3.714885;-0.642617
17.450;-3.680879;-0.655177
17.460;-3.649213;-0.667242
17.470;-3.620048;-0.680125
17.480;-3.593433;-0.694764
17.490;-3.569276;-0.711466
17.500;-3.547374;-0.729844
17.510;-3.527443;-0.748990
17.520;-3.509168;-0.767792
17.530;-3.492238;-0.785248
17.540;-3.476386;-0.800658
17.550;-3.461397;-0.813661
17.560;-3.447105;-0.824186
17.570;-3.433346;-0.832379
17.580;-3.419915;-0.838561
17.590;-3.406556;-0.843192
17.600;-3.393012;-0.846814
17.610;-3.379102;-0.849972
17.620;-3.364777;-0.853150
17.630;-3.350119;-0.856754
17.640;-3.335308;-0.861139
17.650;-3.320589;-0.866631
17.660;-3.306298;-0.873504
17.670;-3.292898;-0.881923
17.680;-3.280985;-0.891866
17.690;-3.271211;-0.903099
17.700;-3.264141;-0.915236
17.710;-3.260108;-0.927870
17.720;-3.259145;-0.940713
17.730;-3.261029;-0.953678
17.740;-3.265411;-0.966881
17.750;-3.271981;-0.980573
17.760;-3.280573;-0.995056
17.770;-3.291188;-1.010595
17.780;-3.303920;-1.027385
17.790;-3.318832;-1.045545
17.800;-3.335842;-1.065126
17.810;-3.354663;-1.086124
17.820;-3.374799;-1.108482
17.830;-3.395611;-1.132086
17.840;-3.416406;-1.156769
17.850;-3.436559;-1.182300
17.860;-3.455613;-1.208389
17.870;-3.473337;-1.234719
17.880;-3.489729;-1.260999
17.890;-3.504939;-1.287037
17.900;-3.519138;-1.312775
17.910;-3.532368;-1.338256
17.920;-3.544431;-1.363517
17.930;-3.554888;-1.388466
17.940;-3.563167;-1.412818
17.950;-3.568748;-1.436122
17.960;-3.571355;-1.457865
17.970;-3.571063;-1.477608
17.980;-3.568277;-1.495108
17.990;-3.563603;-1.510393
18.000;-3.557670;-1.523739
18.010;-3.550998;-1.535551
18.020;-3.543929;-1.546196
18.030;-3.536606;-1.555874
18.040;-3.528985;-1.564562
18.050;-3.520880;-1.572079
18.060;-3.512067;-1.578216
18.070;-3.502407;-1.582900
18.080;-3.491939;-1.586264
18.090;-3.480902;-1.588581
18.100;-3.469683;-1.590084
18.110;-3.458740;-1.590797
18.120;-3.448514;-1.590492
18.130;-3.439360;-1.588812
18.140;-3.431501;-1.585460
18.150;-3.425016;-1.580353
18.160;-3.419886;-1.573653
18.170;-3.416066;-1.565729
18.180;-3.413562;-1.557067
18.190;-3.412489;-1.548189
18.200;-3.413062;-1.539564
18.210;-3.415552;-1.531511
18.220;-3.420200;-1.524142
18.230;-3.427149;-1.517346
18.240;-3.436407;-1.510832
18.250;-3.447847;-1.504189
18.260;-3.461243;-1.496949
18.270;-3.476331;-1.488668
18.280;-3.492885;-1.478993
18.290;-3.510782;-1.467713
18.300;-3.530046;-1.454763
18.310;-3.550869;-1.440207
18.320;-3.573582;-1.424208
18.330;-3.598555;-1.406991
18.340;-3.626018;-1.388813
18.350;-3.655871;-1.369949
18.360;-3.687578;-1.350703
18.370;-3.720230;-1.331420
18.380;-3.752723;-1.312501
18.390;-3.783992;-1.294386
18.400;-3.813189;-1.277546
18.410;-3.839773;-1.262449
18.420;-3.863498;-1.249499
18.430;-3.884350;-1.238964
18.440;-3.902470;-1.230930
18.450;-3.918086;-1.225308
18.460;-3.931459;-1.221901
18.470;-3.942805;-1.220479
18.480;-3.952236;-1.220844
18.490;-3.959725;-1.222807
18.500;-3.965141;-1.226105
18.510;-3.968326;-1.230302
18.520;-3.969216;-1.234774
18.530;-3.967917;-1.238839
18.540;-3.964714;-1.241986
18.550;-3.959985;-1.244061
18.560;-3.954095;-1.245292
18.570;-3.947333;-1.246127
18.580;-3.939910;-1.246992
18.590;-3.931980;-1.248089
18.600;-3.923637;-1.249336
18.610;-3.914907;-1.250428
18.620;-3.905736;-1.250947
18.630;-3.896002;-1.250454
18.640;-3.885519;-1.248539
18.650;-3.874070;-1.244876
18.660;-3.861439;-1.239311
18.670;-3.847475;-1.231924
18.680;-3.832175;-1.223041
18.690;-3.815760;-1.213142
18.700;-3.798697;-1.202723
18.710;-3.781680;-1.192134
18.720;-3.765538;-1.181466
18.730;-3.751098;-1.170499
18.740;-3.738998;-1.158737
18.750;-3.729524;-1.145534
18.760;-3.722529;-1.130275
18.770;-3.717520;-1.112585
18.780;-3.713870;-1.092490
18.790;-3.711084;-1.070490
18.800;-3.708999;-1.047513
18.810;-3.707843;-1.024763
18.820;-3.708152;-1.003495
18.830;-3.710580;-0.984748
18.840;-3.715682;-0.969103
18.850;-3.723708;-0.956546
18.860;-3.734495;-0.946525
18.870;-3.747485;-0.938163
18.880;-3.761892;-0.930545
18.890;-3.776957;-0.922962
18.900;-3.792175;-0.915042
18.910;-3.807422;-0.906770
18.920;-3.822926;-0.898417
18.930;-3.839122;-0.890442
18.940;-3.856457;-0.883364
18.950;-3.875202;-0.877643
18.960;-3.895351;-0.873569
18.970;-3.916643;-0.871163
18.980;-3.938669;-0.870141
18.990;-3.961027;-0.869983
19.000;-3.983444;-0.870100
19.010;-4.005831;-0.870023
19.020;-4.028272;-0.869526
19.030;-4.050945;-0.868647
19.040;-4.074006;-0.867616
19.050;-4.097503;-0.866715
19.060;-4.121325;-0.866123
19.070;-4.145208;-0.865790
19.080;-4.168754;-0.865419
19.090;-4.191461;-0.864592
19.100;-4.212765;-0.862990
19.110;-4.232117;-0.860587
19.120;-4.249065;-0.857731
19.130;-4.263324;-0.855052
19.140;-4.274788;-0.853274
19.150;-4.283474;-0.853022
19.160;-4.289438;-0.854702
19.170;-4.292723;-0.858468
19.180;-4.293396;-0.864250
19.190;-4.291631;-0.871816
19.200;-4.287769;-0.880831
19.210;-4.282275;-0.890922
19.220;-4.275612;-0.901700
19.230;-4.268112;-0.912775
19.240;-4.259926;-0.923769
19.250;-4.251089;-0.934375
19.260;-4.241624;-0.944459
19.270;-4.231619;-0.954114
19.280;-4.221215;-0.963639
19.290;-4.210546;-0.973417
19.300;-4.199661;-0.983763
19.310;-4.188490;-0.994765
19.320;-4.176829;-1.006198
19.330;-4.164371;-1.017548
19.340;-4.150750;-1.028142
19.350;-4.135633;-1.037352
19.360;-4.118796;-1.044777
19.370;-4.100189;-1.050362
19.380;-4.079927;-1.054415
19.390;-4.058241;-1.057501
19.400;-4.035432;-1.060283
19.410;-4.011869;-1.063348
19.420;-3.988039;-1.067130
19.430;-3.964612;-1.071906
19.440;-3.942469;-1.077816
19.450;-3.922637;-1.084817
19.460;-3.906140;-1.092608
19.470;-3.893790;-1.100615
19.480;-3.886007;-1.108122
19.490;-3.882752;-1.114502
19.500;-3.883620;-1.119410
19.510;-3.888047;-1.122844
19.520;-3.895554;-1.125038
19.530;-3.905881;-1.126299
19.540;-3.918996;-1.126849
19.550;-3.934987;-1.126764
19.560;-3.953934;-1.125995
19.570;-3.975810;-1.124436
19.580;-4.000459;-1.121997
19.590;-4.027611;-1.118649
19.600;-4.056895;-1.114429
19.610;-4.087810;-1.109416
19.620;-4.119682;-1.103667
19.630;-4.151665;-1.097171
19.640;-4.182830;-1.089855
19.650;-4.212312;-1.081668
19.660;-4.239454;-1.072697
19.670;-4.263890;-1.063261
19.680;-4.285562;-1.053899
19.690;-4.304658;-1.045257
19.700;-4.321521;-1.037916
19.710;-4.336537;-1.032284
19.720;-4.350054;-1.028559
19.730;-4.362334;-1.026749
19.740;-4.373528;-1.026700
19.750;-4.383657;-1.028121
19.760;-4.392612;-1.030662
19.770;-4.400186;-1.034036
19.780;-4.406133;-1.038143
19.790;-4.410267;-1.043121
19.800;-4.412546;-1.049270
19.810;-4.413132;-1.056905
19.820;-4.412367;-1.066192
19.830;-4.410692;-1.077070
19.840;-4.408524;-1.089247
19.850;-4.406122;-1.102248
19.860;-4.403463;-1.115493
19.870;-4.400208;-1.128389
19.880;-4.395787;-1.140433
19.890;-4.389600;-1.151304
19.900;-4.381237;-1.160929
19.910;-4.370625;-1.169519
19.920;-4.358053;-1.177550
19.930;-4.344075;-1.185684
19.940;-4.329341;-1.194611
19.950;-4.314432;-1.204869
19.960;-4.299748;-1.216675
19.970;-4.285496;-1.229830
19.980;-4.271760;-1.243723
19.990;-4.258604;-1.257426
20.000;-4.246178;-1.269868
20.010;-4.234755;-1.280033
20.020;-4.224679;-1.287183
20.030;-4.216226;-1.291039
20.040;-4.209451;-1.291867
20.050;-4.204095;-1.290414
20.060;-4.199611;-1.287689
20.070;-4.195304;-1.284682
20.080;-4.190501;-1.282099
20.090;-4.184719;-1.280217
20.100;-4.177761;-1.278884
20.110;-4.169748;-1.277649
20.120;-4.161035;-1.275982
20.130;-4.152063;-1.273482
20.140;-4.143169;-1.270036
20.150;-4.134445;-1.265835
20.160;-4.125670;-1.261265
20.170;-4.116349;-1.256703
20.180;-4.105836;-1.252343
20.190;-4.093490;-1.248115
20.200;-4.078819;-1.243734
20.210;-4.061575;-1.238816
20.220;-4.041778;-1.233028
20.230;-4.019669;-1.226220
20.240;-3.995610;-1.218521
20.250;-3.969960;-1.210345
20.260;-3.943002;-1.202309
20.270;-3.914929;-1.195072
20.280;-3.885887;-1.189144
20.290;-3.856034;-1.184727
20.300;-3.825574;-1.181659
20.310;-3.794766;-1.179467
20.320;-3.763895;-1.177495
20.330;-3.733224;-1.175046
20.340;-3.702943;-1.171497
20.350;-3.673129;-1.166410
20.360;-3.643770;-1.159635
20.370;-3.614840;-1.151378
20.380;-3.586399;-1.142188
20.390;-3.558635;-1.132830
20.400;-3.531800;-1.124091
20.410;-3.506070;-1.116575
20.420;-3.481403;-1.110555
20.430;-3.457507;-1.105913
20.440;-3.433917;-1.102197
20.450;-3.410152;-1.098784
20.460;-3.385859;-1.095123
20.470;-3.360898;-1.090956
20.480;-3.335327;-1.086437
20.490;-3.309311;-1.082086
20.500;-3.282987;-1.078602
20.510;-3.256338;-1.076608
20.520;-3.229151;-1.076455
20.530;-3.201072;-1.078142
20.540;-3.171771;-1.081355
20.550;-3.141122;-1.085595
20.560;-3.109334;-1.090346
20.570;-3.076952;-1.095226
20.580;-3.044747;-1.100064
20.590;-3.013547;-1.104903
20.600;-2.984063;-1.109934
20.610;-2.956771;-1.115401
20.620;-2.931860;-1.121529
20.630;-2.909256;-1.128493
20.640;-2.888708;-1.136466
20.650;-2.869884;-1.145700
20.660;-2.852454;-1.156547
20.670;-2.836138;-1.169362
20.680;-2.820741;-1.184291
20.690;-2.806191;-1.201069
20.700;-2.792563;-1.218956
20.710;-2.780057;-1.236860
20.720;-2.768941;-1.253614
20.730;-2.759443;-1.268295
20.740;-2.751650;-1.280466
20.750;-2.745417;-1.290231
20.760;-2.740359;-1.298066
20.770;-2.735912;-1.304517
20.780;-2.731480;-1.309918
20.790;-2.726618;-1.314259
20.800;-2.721198;-1.317250
20.810;-2.715473;-1.318493
20.820;-2.710017;-1.317677
20.830;-2.705534;-1.314718
20.840;-2.702613;-1.309832
20.850;-2.701520;-1.303513
20.860;-2.702127;-1.296437
20.870;-2.704001;-1.289315
20.880;-2.706616;-1.282752
20.890;-2.709566;-1.277135
20.900;-2.712696;-1.272570
20.910;-2.716080;-1.268881
20.920;-2.719888;-1.265662
20.930;-2.724210;-1.262405
20.940;-2.728961;-1.258656
20.950;-2.733898;-1.254159
20.960;-2.738776;-1.248904
20.970;-2.743531;-1.243063
20.980;-2.748402;-1.236857
20.990;-2.753920;-1.230441
21.000;-2.760772;-1.223861
21.010;-2.769593;-1.217077
21.020;-2.780757;-1.210027
21.030;-2.794268;-1.202641
21.040;-2.809771;-1.194843
21.050;-2.826717;-1.186562
21.060;-2.844600;-1.177768
21.070;-2.863198;-1.168536
21.080;-2.882717;-1.159042
21.090;-2.903807;-1.149488
21.100;-2.927427;-1.139983
21.110;-2.954605;-1.130484
21.120;-2.986167;-1.120833
21.130;-3.022512;-1.110897
21.140;-3.063512;-1.100704
21.150;-3.108536;-1.090499
21.160;-3.156575;-1.080694
21.170;-3.206393;-1.071733
21.180;-3.256663;-1.063956
21.190;-3.306068;-1.057494
21.200;-3.353390;-1.052228
21.210;-3.397634;-1.047813
21.220;-3.438163;-1.043785
21.230;-3.474796;-1.039723
21.240;-3.507787;-1.035410
21.250;-3.537650;-1.030914
21.260;-3.564922;-1.026525
21.270;-3.589988;-1.022575
21.280;-3.613066;-1.019209
21.290;-3.634314;-1.016265
21.300;-3.653971;-1.013331
21.310;-3.672412;-1.009966
21.320;-3.690105;-1.005959
21.330;-3.707514;-1.001493
21.340;-3.725001;-0.997116
21.350;-3.742809;-0.993537
21.360;-3.761101;-0.991314
21.370;-3.780036;-0.990547
21.380;-3.799827;-0.990709
21.390;-3.820775;-0.990689
21.400;-3.843278;-0.989022
21.410;-3.867807;-0.984289
21.420;-3.894866;-0.975546
21.430;-3.924910;-0.962647
21.440;-3.958227;-0.946293
21.450;-3.994816;-0.927770
21.460;-4.034306;-0.908510
21.470;-4.075955;-0.889667
21.480;-4.118752;-0.871875
21.490;-4.161564;-0.855238
21.500;-4.203281;-0.839520
21.510;-4.242912;-0.824399
21.520;-4.279632;-0.809685
21.530;-4.312795;-0.795429
21.540;-4.341945;-0.781925
21.550;-4.366863;-0.769620
21.560;-4.387597;-0.758996
21.570;-4.404463;-0.750462
21.580;-4.417983;-0.744293
21.590;-4.428776;-0.740613
21.600;-4.437475;-0.739418
21.610;-4.444664;-0.740617
21.620;-4.450874;-0.744075
21.630;-4.456593;-0.749634
21.640;-4.462296;-0.757105
21.650;-4.468457;-0.766249
21.660;-4.475554;-0.776744
21.670;-4.484066;-0.788159
21.680;-4.494476;-0.799974
21.690;-4.507290;-0.811681
21.700;-4.523052;-0.822932
21.710;-4.542323;-0.833688
21.720;-4.565616;-0.844283
21.730;-4.593310;-0.855352
21.740;-4.625557;-0.867660
21.750;-4.662233;-0.881879
21.760;-4.702932;-0.898421
21.770;-4.746987;-0.917342
21.780;-4.793523;-0.938346
21.790;-4.841512;-0.960880
21.800;-4.889846;-0.984292
21.810;-4.937400;-1.007978
21.820;-4.983097;-1.031490
21.830;-5.025962;-1.054551
21.840;-5.065169;-1.077016
21.850;-5.100070;-1.098787
21.860;-5.130190;-1.119709
21.870;-5.155206;-1.139510
21.880;-5.174933;-1.157804
21.890;-5.189311;-1.174172
21.900;-5.198404;-1.188298
21.910;-5.202376;-1.200098
21.920;-5.201438;-1.209797
21.930;-5.195802;-1.217915
21.940;-5.185655;-1.225161
21.950;-5.171193;-1.232269
21.960;-5.152683;-1.239815
21.970;-5.130517;-1.248089
21.980;-5.105226;-1.257036
21.990;-5.077407;-1.266298
22.000;-5.047589;-1.275336
22.010;-5.016101;-1.283600
22.020;-4.983023;-1.290692
22.030;-4.948267;-1.296467
22.040;-4.911758;-1.301019
22.050;-4.873606;-1.304574
22.060;-4.834173;-1.307352
22.070;-4.793980;-1.309446
22.080;-4.753524;-1.310786
22.090;-4.713126;-1.311196
22.100;-4.672898;-1.310558
22.110;-4.632852;-1.308996
22.120;-4.593050;-1.306975
22.130;-4.553727;-1.305263
22.140;-4.515336;-1.304738
22.150;-4.478528;-1.306135
22.160;-4.444087;-1.309820
22.170;-4.412835;-1.315652
22.180;-4.385531;-1.323010
22.190;-4.362773;-1.330949
22.200;-4.344918;-1.338462
22.210;-4.332029;-1.344721
22.220;-4.323818;-1.349229
22.230;-4.319613;-1.351886
22.240;-4.318378;-1.352982
22.250;-4.318829;-1.353129
22.260;-4.319646;-1.353110
22.270;-4.319713;-1.353661
22.280;-4.318290;-1.355255
22.290;-4.315051;-1.357983
22.300;-4.310004;-1.361604
22.310;-4.303322;-1.365688
22.320;-4.295180;-1.369817
22.330;-4.285629;-1.373736
22.340;-4.274570;-1.377445
22.350;-4.261788;-1.381232
22.360;-4.247034;-1.385651
22.370;-4.230085;-1.391419
22.380;-4.210760;-1.399255
22.390;-4.188918;-1.409654
22.400;-4.164473;-1.422699
22.410;-4.137469;-1.437965
22.420;-4.108189;-1.454586
22.430;-4.077221;-1.471483
22.440;-4.045403;-1.487662
22.450;-4.013640;-1.502467
22.460;-3.982681;-1.515726
22.470;-3.952974;-1.527749
22.480;-3.924653;-1.539197
22.490;-3.897651;-1.550854
22.500;-3.871834;-1.563379
22.510;-3.847108;-1.577097
22.520;-3.823455;-1.591905
22.530;-3.800904;-1.607317
22.540;-3.779476;-1.622634
22.550;-3.759119;-1.637190
22.560;-3.739693;-1.650564
22.570;-3.721001;-1.662707
22.580;-3.702859;-1.673932
22.590;-3.685157;-1.684795
22.600;-3.667864;-1.695898
22.610;-3.650985;-1.707665
22.620;-3.634489;-1.720159
22.630;-3.618252;-1.733014
22.640;-3.602079;-1.745513
22.650;-3.585797;-1.756801
22.660;-3.569418;-1.766147
22.670;-3.553282;-1.773156
22.680;-3.538087;-1.777830
22.690;-3.524751;-1.780488
22.700;-3.514138;-1.781627
22.710;-3.506783;-1.781808
22.720;-3.502757;-1.781616
22.730;-3.501693;-1.781636
22.740;-3.502940;-1.782387
22.750;-3.505732;-1.784213
22.760;-3.509323;-1.787166
22.770;-3.513057;-1.790969
22.780;-3.516400;-1.795122
22.790;-3.518960;-1.799139
22.800;-3.520520;-1.802783
22.810;-3.521086;-1.806171
22.820;-3.520929;-1.809701
22.830;-3.520564;-1.813838
22.840;-3.520636;-1.818893
22.850;-3.521687;-1.824925
22.860;-3.523918;-1.831794
22.870;-3.527052;-1.839320
22.880;-3.530423;-1.847403
22.890;-3.533239;-1.856025
22.900;-3.534909;-1.865134
22.910;-3.535274;-1.874504
22.920;-3.534637;-1.883708
22.930;-3.533597;-1.892242
22.940;-3.532784;-1.899714
22.950;-3.532609;-1.905994
22.960;-3.533156;-1.911217
22.970;-3.534248;-1.915686
22.980;-3.535617;-1.919721
22.990;-3.537092;-1.923570
23.000;-3.538707;-1.927382
23.010;-3.540667;-1.931196
23.020;-3.543203;-1.934926
23.030;-3.546387;-1.938360
23.040;-3.550017;-1.941216
23.050;-3.553644;-1.943257
23.060;-3.556739;-1.944389
23.070;-3.558919;-1.944664
23.080;-3.560137;-1.944190
23.090;-3.560752;-1.943026
23.100;-3.561450;-1.941133
23.110;-3.563027;-1.938407
23.120;-3.566103;-1.934773
23.130;-3.570890;-1.930278
23.140;-3.577109;-1.925151
23.150;-3.584112;-1.919762
23.160;-3.591160;-1.914499
23.170;-3.597714;-1.909617
23.180;-3.603582;-1.905134
23.190;-3.608857;-1.900831
23.200;-3.613724;-1.896364
23.210;-3.618272;-1.891430
23.220;-3.622435;-1.885893
23.230;-3.626065;-1.879847
23.240;-3.629045;-1.873576
23.250;-3.631331;-1.867446
23.260;-3.632903;-1.861766
23.270;-3.633693;-1.856702
23.280;-3.633540;-1.852264
23.290;-3.632238;-1.848373
23.300;-3.629618;-1.844943
23.310;-3.625648;-1.841895
23.320;-3.620467;-1.839116
23.330;-3.614374;-1.836420
23.340;-3.607752;-1.833561
23.350;-3.600953;-1.830320
23.360;-3.594185;-1.826617
23.370;-3.587464;-1.822555
23.380;-3.580650;-1.818346
23.390;-3.573550;-1.814167
23.400;-3.566036;-1.810033
23.410;-3.558124;-1.805783
23.420;-3.550014;-1.801188
23.430;-3.542083;-1.796112
23.440;-3.534798;-1.790632
23.450;-3.528567;-1.785050
23.460;-3.523564;-1.779775
23.470;-3.519637;-1.775116
23.480;-3.516350;-1.771107
23.490;-3.513160;-1.767438
23.500;-3.509622;-1.763584
23.510;-3.505537;-1.759064
23.520;-3.500957;-1.753688
23.530;-3.496091;-1.747655
23.540;-3.491183;-1.741460
23.550;-3.486434;-1.735663
23.560;-3.481988;-1.730654
23.570;-3.477943;-1.726496
23.580;-3.474350;-1.722901
23.590;-3.471204;-1.719347
23.600;-3.468430;-1.715267
23.610;-3.465865;-1.710235
23.620;-3.463255;-1.704092
23.630;-3.460294;-1.696984
23.640;-3.456715;-1.689330
23.650;-3.452438;-1.681705
23.660;-3.447664;-1.674687
23.670;-3.442844;-1.668692
23.680;-3.438513;-1.663888
23.690;-3.435051;-1.660177
23.700;-3.432526;-1.657246
23.710;-3.430701;-1.654648
23.720;-3.429166;-1.651885
23.730;-3.427516;-1.648491
23.740;-3.425471;-1.644090
23.750;-3.422916;-1.638449
23.760;-3.419885;-1.631521
23.770;-3.416548;-1.623485
23.780;-3.413208;-1.614763
23.790;-3.410294;-1.605976
23.800;-3.408305;-1.597820
23.810;-3.407721;-1.590864
23.820;-3.408889;-1.585349
23.830;-3.411949;-1.581084
23.840;-3.416809;-1.577504
23.850;-3.423205;-1.573879
23.860;-3.430811;-1.569584
23.870;-3.439344;-1.564295
23.880;-3.448596;-1.558032
23.890;-3.458386;-1.551054
23.900;-3.468488;-1.543703
23.910;-3.478597;-1.536258
23.920;-3.488382;-1.528888
23.930;-3.497582;-1.521670
23.940;-3.506090;-1.514660
23.950;-3.513972;-1.507958
23.960;-3.521419;-1.501719
23.970;-3.528647;-1.496109
23.980;-3.535776;-1.491229
23.990;-3.542730;-1.487068
24.000;-3.549211;-1.483501
24.010;-3.554787;-1.480349
24.020;-3.559066;-1.477455
24.030;-3.561853;-1.474753
24.040;-3.563222;-1.472280
24.050;-3.563468;-1.470107
24.060;-3.562985;-1.468199
24.070;-3.562140;-1.466306
24.080;-3.561177;-1.463966
24.090;-3.560165;-1.460639
24.100;-3.558988;-1.455906
24.110;-3.557390;-1.449620
24.120;-3.555078;-1.441946
24.130;-3.551852;-1.433279
24.140;-3.547709;-1.424084
24.150;-3.542842;-1.414729
24.160;-3.537551;-1.405376
24.170;-3.532091;-1.395978
24.180;-3.526540;-1.386363
24.190;-3.520773;-1.376352
24.200;-3.514527;-1.365867
24.210;-3.507546;-1.354956
24.220;-3.499686;-1.343732
24.230;-3.490945;-1.332264
24.240;-3.481421;-1.320480
24.250;-3.471241;-1.308138
24.260;-3.460481;-1.294897
24.270;-3.449133;-1.280451
24.280;-3.437113;-1.264659
24.290;-3.424354;-1.247610
24.300;-3.410912;-1.229576
24.310;-3.397076;-1.210877
24.320;-3.383366;-1.191746
24.330;-3.370454;-1.172283
24.340;-3.359010;-1.152541
24.350;-3.349570;-1.132655
24.360;-3.342434;-1.112933
24.370;-3.337642;-1.093834
24.380;-3.334996;-1.075820
24.390;-3.334138;-1.059176
24.400;-3.334636;-1.043855
24.410;-3.336060;-1.029439
24.420;-3.338040;-1.015201
24.430;-3.340319;-1.000264
24.440;-3.342801;-0.983800
24.450;-3.345567;-0.965217
24.460;-3.348831;-0.944290
24.470;-3.352843;-0.921178
24.480;-3.357775;-0.896339
24.490;-3.363663;-0.870358
24.500;-3.370385;-0.843770
24.510;-3.377691;-0.816947
24.520;-3.385261;-0.790094
24.530;-3.392789;-0.763331
24.540;-3.400073;-0.736806
24.550;-3.407084;-0.710774
24.560;-3.413978;-0.685578
24.570;-3.421018;-0.661580
24.580;-3.428435;-0.639091
24.590;-3.436300;-0.618357
24.600;-3.444474;-0.599601
24.610;-3.452671;-0.583033
24.620;-3.460603;-0.568805
24.630;-3.468125;-0.556906
24.640;-3.475297;-0.547065
24.650;-3.482336;-0.538727
24.660;-3.489493;-0.531161
24.670;-3.496912;-0.523656
24.680;-3.504540;-0.515716
24.690;-3.512117;-0.507149
24.700;-3.519259;-0.498001
24.710;-3.525593;-0.488381
24.720;-3.530915;-0.478294
24.730;-3.535292;-0.467579
24.740;-3.539047;-0.455973
24.750;-3.542606;-0.443294
24.760;-3.546274;-0.429609
24.770;-3.550050;-0.415302
24.780;-3.553616;-0.400973
24.790;-3.556479;-0.387211
24.800;-3.558205;-0.374346
24.810;-3.558596;-0.362287
24.820;-3.557759;-0.350508
24.830;-3.556038;-0.338183
24.840;-3.553865;-0.324430
24.850;-3.551577;-0.308578
24.860;-3.549256;-0.290370
24.870;-3.546664;-0.270019
24.880;-3.543326;-0.248088
24.890;-3.538709;-0.225245
24.900;-3.532420;-0.202008
24.910;-3.524332;-0.178606
24.920;-3.514596;-0.154999
24.930;-3.503571;-0.131014
24.940;-3.491714;-0.106516
24.950;-3.479480;-0.081516
24.960;-3.467232;-0.056226
24.970;-3.455141;-0.031052
24.980;-3.443127;-0.006531
24.990;-3.430858;0.016798
25.000;-3.417883;0.038531
25.010;-3.403848;0.058478
25.020;-3.388714;0.076645
25.030;-3.372869;0.093122
25.040;-3.357049;0.107960
25.050;-3.342128;0.121111
25.060;-3.328856;0.132440
25.070;-3.317671;0.141790
25.080;-3.308637;0.149006
25.090;-3.301507;0.153925
25.100;-3.295868;0.156368
25.110;-3.291311;0.156179
25.120;-3.287551;0.153336
25.130;-3.284497;0.148075
25.140;-3.282244;0.140959
25.150;-3.281030;0.132842
25.160;-3.281180;0.124702
25.170;-3.283047;0.117365
25.180;-3.286939;0.111211
25.190;-3.293046;0.106001
25.200;-3.301395;0.100961
25.210;-3.311834;0.095100
25.220;-3.324044;0.087638
25.230;-3.337593;0.078311
25.240;-3.352033;0.067401
25.250;-3.367025;0.055514
25.260;-3.382431;0.043226
25.270;-3.398327;0.030781
25.280;-3.414921;0.017990
25.290;-3.432413;0.004350
25.300;-3.450869;-0.010679
25.310;-3.470152;-0.027375
25.320;-3.489919;-0.045578
25.330;-3.509692;-0.064692
25.340;-3.528944;-0.083866
25.350;-3.547187;-0.102270
25.360;-3.564033;-0.119353
25.370;-3.579234;-0.134991
25.380;-3.592712;-0.149473
25.390;-3.604577;-0.163329
25.400;-3.615101;-0.177120
25.410;-3.624686;-0.191280
25.420;-3.633808;-0.206069
25.430;-3.642953;-0.221589
25.440;-3.652529;-0.237807
25.450;-3.662762;-0.254563
25.460;-3.673595;-0.271590
25.470;-3.684666;-0.288609
25.480;-3.695378;-0.305436
25.490;-3.705035;-0.322065
25.500;-3.713018;-0.338650
25.510;-3.718919;-0.355422
25.520;-3.722632;-0.372552
25.530;-3.724360;-0.390049
25.540;-3.724548;-0.407716
25.550;-3.723762;-0.425201
25.560;-3.722577;-0.442120
25.570;-3.721494;-0.458238
25.580;-3.720894;-0.473622
25.590;-3.721009;-0.488678
25.600;-3.721912;-0.504041
25.610;-3.723517;-0.520359
25.620;-3.725628;-0.538074
25.630;-3.728021;-0.557285
25.640;-3.730547;-0.577736
25.650;-3.733199;-0.598904
25.660;-3.736148;-0.620184
25.670;-3.739731;-0.641098
25.680;-3.744399;-0.661480
25.690;-3.750623;-0.681557
25.700;-3.758780;-0.701857
25.710;-3.769080;-0.723001
25.720;-3.781563;-0.745472
25.730;-3.796177;-0.769474
25.740;-3.812867;-0.794906
25.750;-3.831627;-0.821468
25.760;-3.852474;-0.848803
25.770;-3.875390;-0.876629
25.780;-3.900260;-0.904782
25.790;-3.926859;-0.933158
25.800;-3.954901;-0.961610
25.810;-3.984123;-0.989905
25.820;-4.014357;-1.017763
25.830;-4.045562;-1.044989
25.840;-4.077815;-1.071576
25.850;-4.111278;-1.097711
25.860;-4.146158;-1.123627
25.870;-4.182669;-1.149394
25.880;-4.220946;-1.174759
25.890;-4.260917;-1.199141
25.900;-4.302168;-1.221796
25.910;-4.343893;-1.242077
25.920;-4.384984;-1.259687
25.930;-4.424260;-1.274812
25.940;-4.460755;-1.288067
25.950;-4.493966;-1.300298
25.960;-4.523948;-1.312337
25.970;-4.551239;-1.324807
25.980;-4.576622;-1.338048
25.990;-4.600844;-1.352173
26.000;-4.624428;-1.367191
26.010;-4.647651;-1.383132
26.020;-4.670657;-1.400096
26.030;-4.693614;-1.418257
26.040;-4.716783;-1.437830
26.050;-4.740497;-1.459071
26.060;-4.765071;-1.482290
26.070;-4.790728;-1.507853
26.080;-4.817583;-1.536111
26.090;-4.845699;-1.567286
26.100;-4.875175;-1.601344
26.110;-4.906239;-1.637959
26.120;-4.939334;-1.676598
26.130;-4.975202;-1.716754
26.140;-5.014916;-1.758224
26.150;-5.059804;-1.801363
26.160;-5.111221;-1.847169
26.170;-5.170173;-1.897116
26.180;-5.236901;-1.952749
26.190;-5.310555;-2.015145
26.200;-5.389128;-2.084406
26.210;-5.469705;-2.159356
26.220;-5.548983;-2.237543
26.230;-5.623916;-2.315614
26.240;-5.692264;-2.389981
26.250;-5.752893;-2.457594
26.260;-5.805740;-2.516557
26.270;-5.851521;-2.566389
26.280;-5.891377;-2.607878
26.290;-5.926578;-2.642624
26.300;-5.958352;-2.672420
26.310;-5.987771;-2.698658
26.320;-6.015620;-2.721883
26.330;-6.042253;-2.741642
26.340;-6.067479;-2.756699
26.350;-6.090596;-2.765559
26.360;-6.110587;-2.767101
26.370;-6.126445;-2.761052
26.380;-6.137508;-2.748117
26.390;-6.143693;-2.729754
26.400;-6.145566;-2.707757
26.410;-6.144207;-2.683829
26.420;-6.140930;-2.659297
26.430;-6.136958;-2.635003
26.440;-6.133171;-2.611353
26.450;-6.130036;-2.588457
26.460;-6.127711;-2.566308
26.470;-6.126219;-2.544925
26.480;-6.125586;-2.524439
26.490;-6.125890;-2.505087
26.500;-6.127295;-2.487132
26.510;-6.130096;-2.470776
26.520;-6.134790;-2.456101
26.530;-6.142054;-2.443086
26.540;-6.152613;-2.431661
26.550;-6.167031;-2.421755
26.560;-6.185542;-2.413291
26.570;-6.208004;-2.406072
26.580;-6.233956;-2.399617
26.590;-6.262733;-2.393013
26.600;-6.293592;-2.384920
26.610;-6.325838;-2.373752
26.620;-6.358954;-2.357985
26.630;-6.392692;-2.336447
26.640;-6.427100;-2.308458
26.650;-6.462492;-2.273808
26.660;-6.499366;-2.232648
26.670;-6.538289;-2.185398
26.680;-6.579764;-2.132719
26.690;-6.624099;-2.075518
26.700;-6.671323;-2.014935
26.710;-6.721149;-1.952260
26.720;-6.773013;-1.888801
26.730;-6.826213;-1.825723
26.740;-6.880117;-1.763899
26.750;-6.934365;-1.703812
26.760;-6.988958;-1.645521
26.770;-7.044181;-1.588734
26.780;-7.100363;-1.532951
26.790;-7.157574;-1.477668
26.800;-7.215361;-1.422557
26.810;-7.272630;-1.367616
26.820;-7.327751;-1.313266
26.830;-7.378839;-1.260365
26.840;-7.424119;-1.210085
26.850;-7.462247;-1.163646
26.860;-7.492520;-1.121974
26.870;-7.514967;-1.085429
26.880;-7.530321;-1.053729
26.890;-7.539879;-1.026066
26.900;-7.545275;-1.001391
26.910;-7.548213;-0.978734
26.920;-7.550227;-0.957476
26.930;-7.552488;-0.937475
26.940;-7.555688;-0.918978
26.950;-7.559991;-0.902350
26.960;-7.565067;-0.887744
26.970;-7.570200;-0.874833
26.980;-7.574469;-0.862732
26.990;-7.576971;-0.850103
27.000;-7.577027;-0.835419
27.010;-7.574328;-0.817324
27.020;-7.568970;-0.794979
27.030;-7.561404;-0.768308
27.040;-7.552319;-0.738008
27.050;-7.542502;-0.705339
27.060;-7.532658;-0.671758
27.070;-7.523198;-0.638543
27.080;-7.513981;-0.606502
27.090;-7.504054;-0.575821
27.100;-7.491497;-0.546012
27.110;-7.473518;-0.515988
27.120;-7.446890;-0.484274
27.130;-7.408721;-0.449385
27.140;-7.357373;-0.410283
27.150;-7.293224;-0.366769
27.160;-7.218947;-0.319608
27.170;-7.139111;-0.270306
27.180;-7.059178;-0.220631
27.190;-6.984192;-0.172093
27.200;-6.917663;-0.125598
27.210;-6.861013;-0.081376
27.220;-6.813762;-0.039150
27.230;-6.774276;0.001579
27.240;-6.740687;0.041290
27.250;-6.711576;0.080360
27.260;-6.686204;0.119143
27.270;-6.664335;0.158121
27.280;-6.645860;0.197957
27.290;-6.630471;0.239363
27.300;-6.617524;0.282824
27.310;-6.606137;0.328390
27.320;-6.595459;0.375687
27.330;-6.584926;0.424189
27.340;-6.574380;0.473643
27.350;-6.563957;0.524420
27.360;-6.553824;0.577594
27.370;-6.543853;0.634670
27.380;-6.533341;0.697065
27.390;-6.520867;0.765592
27.400;-6.504337;0.840176
27.410;-6.481246;0.919894
27.420;-6.449149;1.003266
27.430;-6.406212;1.088646
27.440;-6.351686;1.174561
27.450;-6.286120;1.259916
27.460;-6.211217;1.344047
27.470;-6.129362;1.426646
27.480;-6.043029;1.507570
27.490;-5.954298;1.586632
27.500;-5.864664;1.663459
27.510;-5.775135;1.737485
27.520;-5.686480;1.808097
27.530;-5.599443;1.874833
27.540;-5.514805;1.937505
27.550;-5.433301;1.996145
27.560;-5.355474;2.050807
27.570;-5.281541;2.101335
27.580;-5.211321;2.147238
27.590;-5.144214;2.187797
27.600;-5.079247;2.222346
27.610;-5.015205;2.250652
27.620;-4.950835;2.273170
27.630;-4.885046;2.291078
27.640;-4.817040;2.306036
27.650;-4.746283;2.319732
27.660;-4.672352;2.333392
27.670;-4.594770;2.347400
27.680;-4.512959;2.361183
27.690;-4.426370;2.373404
27.700;-4.334753;2.382371
27.710;-4.238388;2.386521
27.720;-4.138173;2.384824
27.730;-4.035488;2.377006
27.740;-3.931912;2.363560
27.750;-3.828913;2.345548
27.760;-3.727644;2.324284
27.770;-3.628885;2.301007
27.780;-3.533121;2.276686
27.790;-3.440715;2.251957
27.800;-3.352067;2.227131
27.810;-3.267707;2.202201
27.820;-3.188232;2.176794
27.830;-3.114124;2.150160
27.840;-3.045508;2.121257
27.850;-2.982011;2.088965
27.860;-2.922802;2.052333
27.870;-2.866814;2.010771
27.880;-2.813076;1.964122
27.890;-2.760993;1.912637
27.900;-2.710503;1.856888
27.910;-2.662070;1.797649
27.920;-2.616544;1.735764
27.930;-2.574942;1.672041
27.940;-2.538226;1.607185
27.950;-2.507109;1.541776
27.960;-2.481942;1.476278
27.970;-2.462704;1.411032
27.980;-2.449066;1.346214
27.990;-2.440516;1.281759
28.000;-2.436463;1.217325
28.010;-2.436300;1.152360
28.020;-2.439428;1.086274
28.030;-2.445276;1.018661
28.040;-2.453321;0.949491
28.050;-2.463119;0.879206
28.060;-2.474304;0.808694
28.070;-2.486558;0.739127
28.080;-2.499566;0.671722
28.090;-2.512988;0.607514
28.100;-2.526457;0.547255
28.110;-2.539607;0.491427
28.120;-2.552087;0.440308
28.130;-2.563564;0.393991
28.140;-2.573701;0.352324
28.150;-2.582143;0.314819
28.160;-2.588541;0.280608
28.170;-2.592600;0.248519
28.180;-2.594150;0.217280
28.190;-2.593179;0.185780
28.200;-2.589830;0.153269
28.210;-2.584357;0.119395
28.220;-2.577057;0.084094
28.230;-2.568233;0.047406
28.240;-2.558200;0.009315
28.250;-2.547325;-0.030311
28.260;-2.536077;-0.071643
28.270;-2.525059;-0.114707
28.280;-2.515003;-0.159168
28.290;-2.506712;-0.204221
28.300;-2.500939;-0.248663
28.310;-2.498266;-0.291132
28.320;-2.499017;-0.330427
28.330;-2.503272;-0.365764
28.340;-2.510970;-0.396920
28.350;-2.522058;-0.424242
28.360;-2.536591;-0.448557
28.370;-2.554766;-0.470997
28.380;-2.576889;-0.492759
28.390;-2.603337;-0.514848
28.400;-2.634504;-0.537896
28.410;-2.670753;-0.562135
28.420;-2.712351;-0.587522
28.430;-2.759392;-0.613903
28.440;-2.811749;-0.641104
28.450;-2.869073;-0.668882
28.460;-2.930903;-0.696784
28.470;-2.996826;-0.724024
28.480;-3.066624;-0.749496
28.490;-3.140316;-0.771941
28.500;-3.218045;-0.790238
28.510;-3.299839;-0.803687
28.520;-3.385361;-0.812205
28.530;-3.473765;-0.816346
28.540;-3.563756;-0.817170
28.550;-3.653813;-0.816003
28.560;-3.742478;-0.814150
28.570;-3.828584;-0.812637
28.580;-3.911368;-0.812052
28.590;-3.990467;-0.812523
28.600;-4.065866;-0.813834
28.610;-4.137848;-0.815631
28.620;-4.206956;-0.817630
28.630;-4.273941;-0.819744
28.640;-4.339665;-0.822078
28.650;-4.404963;-0.824818
28.660;-4.470507;-0.828112
28.670;-4.536725;-0.832026
28.680;-4.603802;-0.836623
28.690;-4.671733;-0.842099
28.700;-4.740397;-0.848867
28.710;-4.809587;-0.857513
28.720;-4.878991;-0.868620
28.730;-4.948159;-0.882509
28.740;-5.016492;-0.899013
28.750;-5.083308;-0.917367
28.760;-5.147949;-0.936319
28.770;-5.209892;-0.954428
28.780;-5.268812;-0.970473
28.790;-5.324619;-0.983810
28.800;-5.377452;-0.994543
28.810;-5.427660;-1.003443
28.820;-5.475726;-1.011655
28.830;-5.522130;-1.020312
28.840;-5.567193;-1.030190
28.850;-5.610956;-1.041524
28.860;-5.653182;-1.054014
28.870;-5.693476;-1.066973
28.880;-5.731474;-1.079548
28.890;-5.766997;-1.090956
28.900;-5.800108;-1.100694
28.910;-5.831072;-1.108659
28.920;-5.860234;-1.115117
28.930;-5.887919;-1.120550
28.940;-5.914372;-1.125448
28.950;-5.939770;-1.130153
28.960;-5.964288;-1.134821
28.970;-5.988153;-1.139473
28.980;-6.011646;-1.144073
28.990;-6.035056;-1.148567
29.000;-6.058611;-1.152836
29.010;-6.082433;-1.156592
29.020;-6.106527;-1.159302
29.030;-6.130801;-1.160207
29.040;-6.155108;-1.158483
29.050;-6.179302;-1.153498
29.060;-6.203280;-1.145053
29.070;-6.226966;-1.133506
29.080;-6.250245;-1.119682
29.090;-6.272893;-1.104632
29.100;-6.294574;-1.089345
29.110;-6.314898;-1.074530
29.120;-6.333524;-1.060522
29.130;-6.350223;-1.047317
29.140;-6.364883;-1.034670
29.150;-6.377452;-1.022226
29.160;-6.387867;-1.009662
29.170;-6.396000;-0.996834
29.180;-6.401653;-0.983903
29.190;-6.404623;-0.971385
29.200;-6.404823;-0.960051
29.210;-6.402392;-0.950690
29.220;-6.397711;-0.943802
29.230;-6.391321;-0.939377
29.240;-6.383788;-0.936853
29.250;-6.375617;-0.935316
29.260;-6.367230;-0.933861
29.270;-6.358988;-0.931955
29.280;-6.351190;-0.929605
29.290;-6.344046;-0.927239
29.300;-6.337626;-0.925360
29.310;-6.331843;-0.924191
29.320;-6.326475;-0.923508
29.330;-6.321243;-0.922765
29.340;-6.315917;-0.921372
29.350;-6.310428;-0.918957
29.360;-6.304942;-0.915475
29.370;-6.299849;-0.911140
29.380;-6.295665;-0.906276
29.390;-6.292867;-0.901166
29.400;-6.291733;-0.895957
29.410;-6.292256;-0.890636
29.420;-6.294161;-0.885081
29.430;-6.297027;-0.879133
29.440;-6.300421;-0.872685
29.450;-6.304014;-0.865730
29.460;-6.307630;-0.858353
29.470;-6.311253;-0.850664
29.480;-6.314999;-0.842708
29.490;-6.319036;-0.834412
29.500;-6.323453;-0.825585
29.510;-6.328110;-0.815947
29.520;-6.332546;-0.805187
29.530;-6.336009;-0.793037
29.540;-6.337629;-0.779353
29.550;-6.336695;-0.764196
29.560;-6.332928;-0.747868
29.570;-6.326663;-0.730898
29.580;-6.318813;-0.713940
29.590;-6.310618;-0.697582
29.600;-6.303238;-0.682147
29.610;-6.297362;-0.667557
29.620;-6.292962;-0.653362
29.630;-6.289272;-0.638902
29.640;-6.284976;-0.623547
29.650;-6.278489;-0.606870
29.660;-6.268241;-0.588735
29.670;-6.252911;-0.569265
29.680;-6.231655;-0.548774
29.690;-6.204277;-0.527671
29.700;-6.171326;-0.506394
29.710;-6.134038;-0.485365
29.720;-6.094111;-0.464996
29.730;-6.053398;-0.445696
29.740;-6.013608;-0.427836
29.750;-5.976112;-0.411669
29.760;-5.941860;-0.397250
29.770;-5.911394;-0.384425
29.780;-5.884922;-0.372919
29.790;-5.862407;-0.362472
29.800;-5.843646;-0.352924
29.810;-5.828320;-0.344219
29.820;-5.816029;-0.336320
29.830;-5.806330;-0.329121
29.840;-5.798792;-0.322435
29.850;-5.793046;-0.316081
29.860;-5.788826;-0.310013
29.870;-5.785966;-0.304377
29.880;-5.784333;-0.299465
29.890;-5.783756;-0.295575
29.900;-5.784001;-0.292890
29.910;-5.784829;-0.291412
29.920;-5.786114;-0.290991
29.930;-5.787928;-0.291417
29.940;-5.790538;-0.292495
29.950;-5.794298;-0.294061
29.960;-5.799508;-0.295930
29.970;-5.806332;-0.297854
29.980;-5.814841;-0.299564
29.990;-5.825122;-0.300875
30.000;-5.837384;-0.301804
30.010;-5.851949;-0.302588
30.020;-5.869167;-0.303621
30.030;-5.889299;-0.305312
30.040;-5.912447;-0.307917
30.050;-5.938527;-0.311342
30.060;-5.967228;-0.314980
30.070;-5.997941;-0.317682
30.080;-6.029706;-0.317968
30.090;-6.061281;-0.314426
30.100;-6.091357;-0.306138
30.110;-6.118897;-0.292897
30.120;-6.143407;-0.275131
30.130;-6.165041;-0.253581
30.140;-6.184469;-0.228893
30.150;-6.202588;-0.201288
30.160;-6.220198;-0.170477
30.170;-6.237753;-0.135865
30.180;-6.255216;-0.096995
30.190;-6.272004;-0.053995
30.200;-6.287007;-0.007808
30.210;-6.298686;0.039897
30.220;-6.305327;0.087092
30.230;-6.305441;0.131862
30.240;-6.298213;0.172798
30.250;-6.283774;0.209181
30.260;-6.263157;0.240931
30.270;-6.237926;0.268394
30.280;-6.209659;0.292107
30.290;-6.179482;0.312638
30.300;-6.147849;0.330562
30.310;-6.114581;0.346478
30.320;-6.079129;0.361003
30.330;-6.040900;0.374671
30.340;-5.999500;0.387800
30.350;-5.954820;0.400432
30.360;-5.906980;0.412392
30.370;-5.856216;0.423457
30.380;-5.802766;0.433541
30.390;-5.746792;0.442833
30.400;-5.688347;0.451817
30.410;-5.627369;0.461169
30.420;-5.563738;0.471590
30.430;-5.497401;0.483626
30.440;-5.428530;0.497543
30.450;-5.357619;0.513271
30.460;-5.285448;0.530423
30.470;-5.212920;0.548404
30.480;-5.140869;0.566602
30.490;-5.069913;0.584634
30.500;-5.000375;0.602533
30.510;-4.932272;0.620799
30.520;-4.865335;0.640244
30.530;-4.799084;0.661712
30.540;-4.732962;0.685754
30.550;-4.666496;0.712397
30.560;-4.599428;0.741091
30.570;-4.531771;0.770878
30.580;-4.463783;0.800696
30.590;-4.395865;0.829719
30.600;-4.328441;0.857553
30.610;-4.261818;0.884222
30.620;-4.196112;0.909993
30.630;-4.131231;0.935160
30.640;-4.066925;0.959924
30.650;-4.002870;0.984379
30.660;-3.938732;1.008556
30.670;-3.874207;1.032450
30.680;-3.809049;1.056041
30.690;-3.743082;1.079324
30.700;-3.676256;1.102358
30.710;-3.608695;1.125311
30.720;-3.540728;1.148440
30.730;-3.472863;1.172008
30.740;-3.405715;1.196144
30.750;-3.339908;1.220741
30.760;-3.275980;1.245409
30.770;-3.214320;1.269516
30.780;-3.155134;1.292289
30.790;-3.098481;1.312967
30.800;-3.044342;1.330953
30.810;-2.992712;1.345928
30.820;-2.943684;1.357888
30.830;-2.897494;1.367087
30.840;-2.854527;1.373925
30.850;-2.815281;1.378833
30.860;-2.780296;1.382179
30.870;-2.750082;1.384224
30.880;-2.725070;1.385113
30.890;-2.705584;1.384867
30.900;-2.691844;1.383384
30.910;-2.683960;1.380436
30.920;-2.681928;1.375692
30.930;-2.685610;1.368787
30.940;-2.694714;1.359448
30.950;-2.708770;1.347661
30.960;-2.727099;1.333805
30.970;-2.748786;1.318674
30.980;-2.772670;1.303344
30.990;-2.797390;1.288936
31.000;-2.821515;1.276368
31.010;-2.843724;1.266184
31.020;-2.862987;1.258488
31.030;-2.878685;1.252996
31.040;-2.890631;1.249178
31.050;-2.899007;1.246469
31.060;-2.904220;1.244480
31.070;-2.906730;1.243161
31.080;-2.906909;1.242857
31.090;-2.904953;1.244242
31.100;-2.900891;1.248132
31.110;-2.894653;1.255223
31.120;-2.886208;1.265830
31.130;-2.875723;1.279720
31.140;-2.863666;1.296128
31.150;-2.850790;1.313951
31.160;-2.837988;1.332061
31.170;-2.826060;1.349592
31.180;-2.815523;1.366094
31.190;-2.806529;1.381540
31.200;-2.798922;1.396207
31.210;-2.792378;1.410494
31.220;-2.786546;1.424717
31.230;-2.781125;1.438942
31.240;-2.775874;1.452935
31.250;-2.770593;1.466246
31.260;-2.765091;1.478379
31.270;-2.759203;1.488961
31.280;-2.752812;1.497816
31.290;-2.745880;1.504922
31.300;-2.738487;1.510285
31.310;-2.730862;1.513805
31.320;-2.723399;1.515210
31.330;-2.716650;1.514082
31.340;-2.711259;1.509984
31.350;-2.707836;1.502631
31.360;-2.706812;1.492056
31.370;-2.708353;1.478664
31.380;-2.712396;1.463124
31.390;-2.718791;1.446110
31.400;-2.727455;1.428031
31.410;-2.738451;1.408879
31.420;-2.751976;1.388267
31.430;-2.768302;1.365597
31.440;-2.787729;1.340202
31.450;-2.810581;1.311405
31.460;-2.837272;1.278477
31.470;-2.868373;1.240617
31.480;-2.904649;1.197065
31.490;-2.946999;1.147390
31.500;-2.996283;1.091885
31.510;-3.053070;1.031880
31.520;-3.117367;0.969793
31.530;-3.188472;0.908824
31.540;-3.264992;0.852332
31.550;-3.345084;0.803073
31.560;-3.426810;0.762559
31.570;-3.508514;0.730786
31.580;-3.589115;0.706422
31.590;-3.668228;0.687349
31.600;-3.746103;0.671337
31.610;-3.823377;0.656611
31.620;-3.900729;0.642163
31.630;-3.978529;0.627808
31.640;-4.056625;0.614005
31.650;-4.134312;0.601543
31.660;-4.210510;0.591175
31.670;-4.284050;0.583303
31.680;-4.353959;0.577789
31.690;-4.419617;0.573941
31.700;-4.480762;0.570671
31.710;-4.537363;0.566789
31.720;-4.589482;0.561362
31.730;-4.637187;0.553996
31.740;-4.680550;0.544970
31.750;-4.719667;0.535162
31.760;-4.754634;0.525830
31.770;-4.785467;0.518312
31.780;-4.812049;0.513733
31.790;-4.834205;0.512790
31.800;-4.851878;0.515613
31.810;-4.865326;0.521723
31.820;-4.875178;0.530090
31.830;-4.882318;0.539331
31.840;-4.887639;0.548064
31.850;-4.891821;0.555310
31.860;-4.895206;0.560817
31.870;-4.897805;0.565150
31.880;-4.899396;0.569499
31.890;-4.899639;0.575286
31.900;-4.898184;0.583707
31.910;-4.894781;0.595375
31.920;-4.889395;0.610180
31.930;-4.882272;0.627370
31.940;-4.873861;0.645830
31.950;-4.864601;0.664462
31.960;-4.854643;0.682532
31.970;-4.843660;0.699874
31.980;-4.830844;0.716898
31.990;-4.815128;0.734444
32.000;-4.795523;0.753556
32.010;-4.771423;0.775260
32.020;-4.742731;0.800389
32.030;-4.709757;0.829474
32.040;-4.673006;0.862695
32.050;-4.632959;0.899891
32.060;-4.589962;0.940612
32.070;-4.544200;0.984233
32.080;-4.495773;1.030105
32.090;-4.444797;1.077709
32.100;-4.391513;1.126726
32.110;-4.336312;1.176985
32.120;-4.279654;1.228333
32.130;-4.221924;1.280500
32.140;-4.163304;1.333065
32.150;-4.103744;1.385509
32.160;-4.043087;1.437319
32.170;-3.981265;1.488070
32.180;-3.918492;1.537471
32.190;-3.855332;1.585365
32.200;-3.792611;1.631691
32.210;-3.731246;1.676404
32.220;-3.672079;1.719379
32.230;-3.615755;1.760366
32.240;-3.562664;1.799014
32.250;-3.512922;1.834971
32.260;-3.466399;1.868002
32.270;-3.422784;1.898100
32.280;-3.381711;1.925515
32.290;-3.342876;1.950685
32.300;-3.306147;1.974077
32.310;-3.271614;1.996030
32.320;-3.239581;2.016670
32.330;-3.210504;2.035933
32.340;-3.184894;2.053650
32.350;-3.163179;2.069641
32.360;-3.145585;2.083781
32.370;-3.132056;2.096048
32.380;-3.122261;2.106558
32.390;-3.115676;2.115567
32.400;-3.111695;2.123423
32.410;-3.109718;2.130452
32.420;-3.109192;2.136837
32.430;-3.109626;2.142547
32.440;-3.110607;2.147385
32.450;-3.111822;2.151149
32.460;-3.113063;2.153837
32.470;-3.114189;2.155787
32.480;-3.115044;2.157667
32.490;-3.115393;2.160295
32.500;-3.114929;2.164353
32.510;-3.113352;2.170146
32.520;-3.110486;2.177526
32.530;-3.106346;2.186049
32.540;-3.101115;2.195243
32.550;-3.095048;2.204859
32.560;-3.088357;2.214966
32.570;-3.081156;2.225862
32.580;-3.073489;2.237888
32.590;-3.065406;2.251228
32.600;-3.057033;2.265779
32.610;-3.048590;2.281129
32.620;-3.040352;2.296641
32.630;-3.032580;2.311605
32.640;-3.025478;2.325435
32.650;-3.019161;2.337831
32.660;-3.013658;2.348844
32.670;-3.008923;2.358816
32.680;-3.004844;2.368207
32.690;-3.001283;2.377384
32.700;-2.998140;2.386438
32.710;-2.995462;2.395122
32.720;-2.993550;2.402912
32.730;-2.992991;2.409168
32.740;-2.994585;2.413319
32.750;-2.999152;2.415014
32.760;-3.007284;2.414197
32.770;-3.019102;2.411096
32.780;-3.034148;2.406128
32.790;-3.051472;2.399749
32.800;-3.069939;2.392294
32.810;-3.088633;2.383849
32.820;-3.107217;2.374196
32.830;-3.126102;2.362843
32.840;-3.146387;2.349139
32.850;-3.169634;2.332401
32.860;-3.197551;2.312018
32.870;-3.231649;2.287500
32.880;-3.272936;2.258517
32.890;-3.321704;2.224972
32.900;-3.377455;2.187122
32.910;-3.439006;2.145718
32.920;-3.504711;2.102075
32.930;-3.572776;2.057969
32.940;-3.641528;2.015381
32.950;-3.709578;1.976143
32.960;-3.775818;1.941617
32.970;-3.839312;1.912501
32.980;-3.899178;1.888794
32.990;-3.954547;1.869940
33.000;-4.004611;1.855070
33.010;-4.048728;1.843249
33.020;-4.086551;1.833670
33.030;-4.118124;1.825755
33.040;-4.143920;1.819193
33.050;-4.164768;1.813915
33.060;-4.181717;1.810016
33.070;-4.195858;1.807596
33.080;-4.208162;1.806585
33.090;-4.219365;1.806614
33.100;-4.229955;1.807013
33.110;-4.240253;1.806946
33.120;-4.250565;1.805598
33.130;-4.261308;1.802339
33.140;-4.273034;1.796810
33.150;-4.286358;1.788929
33.160;-4.301799;1.778857
33.170;-4.319634;1.766950
33.180;-4.339825;1.753723
33.190;-4.362055;1.739796
33.200;-4.385848;1.725808
33.210;-4.410710;1.712280
33.220;-4.436225;1.699457
33.230;-4.462069;1.687210
33.240;-4.487983;1.675058
33.250;-4.513734;1.662325
33.260;-4.539106;1.648385
33.270;-4.563922;1.632925
33.280;-4.588048;1.616091
33.290;-4.611386;1.598475
33.300;-4.633827;1.580924
33.310;-4.655232;1.564261
33.320;-4.675432;1.549048
33.330;-4.694279;1.535486
33.340;-4.711716;1.523448
33.350;-4.727833;1.512576
33.360;-4.742866;1.502388
33.370;-4.757155;1.492357
33.380;-4.771087;1.481971
33.390;-4.785034;1.470777
33.400;-4.799336;1.458427
33.410;-4.814292;1.444717
33.420;-4.830194;1.429638
33.430;-4.847349;1.413389
33.440;-4.866080;1.396347
33.450;-4.886684;1.378949
33.460;-4.909367;1.361521
33.470;-4.934234;1.344100
33.480;-4.961345;1.326324
33.490;-4.990861;1.307448
33.500;-5.023161;1.286497
33.510;-5.058882;1.262535
33.520;-5.098817;1.234958
33.530;-5.143730;1.203722
33.540;-5.194160;1.169426
33.550;-5.250290;1.133221
33.560;-5.311891;1.096579
33.570;-5.378342;1.061017
33.580;-5.448683;1.027856
33.590;-5.521720;0.998065
33.600;-5.596197;0.972216
33.610;-5.671008;0.950521
33.620;-5.745443;0.932937
33.630;-5.819350;0.919309
33.640;-5.893167;0.909515
33.650;-5.967750;0.903593
33.660;-6.044051;0.901782
33.670;-6.122728;0.904455
33.680;-6.203816;0.911914
33.690;-6.286559;0.924144
33.700;-6.369473;0.940619
33.710;-6.450653;0.960286
33.720;-6.528217;0.981717
33.730;-6.600754;1.003418
33.740;-6.667609;1.024157
33.750;-6.728885;1.043240
33.760;-6.785160;1.060643
33.770;-6.837037;1.076956
33.780;-6.884703;1.093152
33.790;-6.927665;1.110218
33.800;-6.964773;1.128782
33.810;-6.994518;1.148892
33.820;-7.015492;1.170057
33.830;-7.026823;1.191518
33.840;-7.028439;1.212598
33.850;-7.021058;1.232971
33.860;-7.005963;1.252703
33.870;-6.984664;1.272134
33.880;-6.958594;1.291683
33.890;-6.928908;1.311727
33.900;-6.896413;1.332561
33.910;-6.861611;1.354372
33.920;-6.824848;1.377180
33.930;-6.786527;1.400764
33.940;-6.747340;1.424630
33.950;-6.708434;1.448049
33.960;-6.671402;1.470170
33.970;-6.638041;1.490159
33.980;-6.609900;1.507369
33.990;-6.587792;1.521487
34.000;-6.571457;1.532626
34.010;-6.559507;1.541317
34.020;-6.549680;1.548392
34.030;-6.539313;1.554763
34.040;-6.525935;1.561182
34.050;-6.507828;1.568081
34.060;-6.484398;1.575572
34.070;-6.456213;1.583607
34.080;-6.424651;1.592180
34.090;-6.391279;1.601472
34.100;-6.357189;1.611860
34.110;-6.322534;1.623783
34.120;-6.286450;1.637517
34.130;-6.247368;1.652949
34.140;-6.203606;1.669491
34.150;-6.153997;1.686203
34.160;-6.098334;1.702112
34.170;-6.037430;1.716558
34.180;-5.972810;1.729462
34.190;-5.906170;1.741385
34.200;-5.838857;1.753378
34.210;-5.771589;1.766613
34.220;-5.704462;1.781957
34.230;-5.637194;1.799627
34.240;-5.569447;1.819115
34.250;-5.501111;1.839397
34.260;-5.432438;1.859328
34.270;-5.364015;1.878020
34.280;-5.296572;1.895066
34.290;-5.230708;1.910563
34.300;-5.166633;1.924974
34.310;-5.104061;1.938922
34.320;-5.042315;1.952986
34.330;-4.980601;1.967567
34.340;-4.918312;1.982863
34.350;-4.855221;1.998927
34.360;-4.791459;2.015776
34.370;-4.727342;2.033477
34.380;-4.663180;2.052161
34.390;-4.599198;2.071957
34.400;-4.535577;2.092896
34.410;-4.472556;2.114850
34.420;-4.410498;2.137509
34.430;-4.349855;2.160385
34.440;-4.291056;2.182834
34.450;-4.234381;2.204096
34.460;-4.179895;2.223386
34.470;-4.127487;2.240018
34.480;-4.076979;2.253527
34.490;-4.028244;2.263737
34.500;-3.981301;2.270767
34.510;-3.936347;2.274984
34.520;-3.893723;2.276909
34.530;-3.853826;2.277098
34.540;-3.816982;2.276021
34.550;-3.783342;2.273961
34.560;-3.752857;2.270952
34.570;-3.725349;2.266782
34.580;-3.700620;2.261054
34.590;-3.678538;2.253299
34.600;-3.659046;2.243137
34.610;-3.642128;2.230438
34.620;-3.627774;2.215437
34.630;-3.615966;2.198716
34.640;-3.606659;2.181030
34.650;-3.599746;2.163059
34.660;-3.594987;2.145222
34.670;-3.591972;2.127643
34.680;-3.590122;2.110267
34.690;-3.588783;2.093023
34.700;-3.587367;2.075940
34.710;-3.585521;2.059174
34.720;-3.583244;2.042959
34.730;-3.580851;2.027518
34.740;-3.578780;2.012985
34.750;-3.577301;1.999400
34.760;-3.576298;1.986760
34.770;-3.575242;1.975075
34.780;-3.573368;1.964393
34.790;-3.569985;1.954772
34.800;-3.564770;1.946277
34.810;-3.557903;1.939011
34.820;-3.549960;1.933174
34.830;-3.541595;1.929062
34.840;-3.533179;1.926985
34.850;-3.524571;1.927128
34.860;-3.515129;1.929440
34.870;-3.503930;1.933627
34.880;-3.490053;1.939214
34.890;-3.472796;1.945623
34.900;-3.451754;1.952270
34.910;-3.426798;1.958667
34.920;-3.398035;1.964520
34.930;-3.365765;1.969756
34.940;-3.330419;1.974449
34.950;-3.292449;1.978649
34.960;-3.252211;1.982228
34.970;-3.209898;1.984810
34.980;-3.165560;1.985849
34.990;-3.119189;1.984789
35.000;-3.070826;1.981228
35.010;-3.020637;1.974987
35.020;-2.968957;1.966091
35.030;-2.916261;1.954685
35.040;-2.863104;1.940947
35.050;-2.810035;1.925045
35.060;-2.757538;1.907134
35.070;-2.706017;1.887370
35.080;-2.655820;1.865905
35.090;-2.607287;1.842856
35.100;-2.560819;1.818236
35.110;-2.516911;1.791933
35.120;-2.476138;1.763770
35.130;-2.439042;1.733650
35.140;-2.405989;1.701691
35.150;-2.377050;1.668286
35.160;-2.351989;1.634038
35.170;-2.330343;1.599616
35.180;-2.311552;1.565602
35.190;-2.295082;1.532366
35.200;-2.280519;1.500038
35.210;-2.267656;1.468560
35.220;-2.256537;1.437840
35.230;-2.247434;1.407912
35.240;-2.240720;1.379042
35.250;-2.236691;1.351718
35.260;-2.235412;1.326560
35.270;-2.236654;1.304148
35.280;-2.239954;1.284858
35.290;-2.244779;1.268730
35.300;-2.250718;1.255424
35.310;-2.257617;1.244272
35.320;-2.265612;1.234406
35.330;-2.275042;1.224898
35.340;-2.286298;1.214913
35.350;-2.299681;1.203839
35.360;-2.315291;1.191407
35.370;-2.332984;1.177753
35.380;-2.352378;1.163394
35.390;-2.372936;1.149063
35.400;-2.394107;1.135467
35.410;-2.415495;1.123050
35.420;-2.436984;1.111855
35.430;-2.458767;1.101538
35.440;-2.481284;1.091511
35.450;-2.505097;1.081158
35.460;-2.530762;1.070074
35.470;-2.558735;1.058237
35.480;-2.589311;1.046054
35.490;-2.622603;1.034235
35.500;-2.658559;1.023542
35.510;-2.697006;1.014502
35.520;-2.737709;1.007211
35.530;-2.780388;1.001305
35.540;-2.824686;0.996151
35.550;-2.870115;0.991181
35.560;-2.916050;0.986192
35.570;-2.961788;0.981456
35.580;-3.006680;0.977546
35.590;-3.050229;0.975001
35.600;-3.092121;0.974000
35.610;-3.132158;0.974228
35.620;-3.170141;0.975015
35.630;-3.205777;0.975649
35.640;-3.238645;0.975667
35.650;-3.268239;0.975007
35.660;-3.294070;0.973967
35.670;-3.315815;0.973056
35.680;-3.333449;0.972787
35.690;-3.347290;0.973498
35.700;-3.357926;0.975228
35.710;-3.366018;0.977691
35.720;-3.372076;0.980338
35.730;-3.376303;0.982506
35.740;-3.378603;0.983607
35.750;-3.378748;0.983302
35.760;-3.376624;0.981596
35.770;-3.372439;0.978810
35.780;-3.366812;0.975430
35.790;-3.360708;0.971914
35.800;-3.355251;0.968522
35.810;-3.351476;0.965256
35.820;-3.350083;0.961900
35.830;-3.351313;0.958156
35.840;-3.354973;0.953777
35.850;-3.360619;0.948662
35.860;-3.367770;0.942870
35.870;-3.376080;0.936577
35.880;-3.385386;0.930032
35.890;-3.395688;0.923523
35.900;-3.407076;0.917368
35.910;-3.419677;0.911879
35.920;-3.433603;0.907270
35.930;-3.448910;0.903517
35.940;-3.465589;0.900264
35.950;-3.483599;0.896837
35.960;-3.502960;0.892425
35.970;-3.523881;0.886369
35.980;-3.546846;0.878418
35.990;-3.572624;0.868818
36.000;-3.602158;0.858190
36.010;-3.636389;0.847264
36.020;-3.676061;0.836588
36.030;-3.721561;0.826353
36.040;-3.772787;0.816377
36.050;-3.829067;0.806247
36.060;-3.889160;0.795552
36.070;-3.951395;0.784127
36.080;-4.013957;0.772234
36.090;-4.075246;0.760595
36.100;-4.134203;0.750266
36.110;-4.190449;0.742372
36.120;-4.244217;0.737783
36.130;-4.296095;0.736843
36.140;-4.346697;0.739260
36.150;-4.396387;0.744190
36.160;-4.445111;0.750502
36.170;-4.492380;0.757102
36.180;-4.537373;0.763195
36.190;-4.579163;0.768419
36.200;-4.616979;0.772831
36.210;-4.650431;0.776809
36.220;-4.679612;0.780910
36.230;-4.705055;0.785735
36.240;-4.727567;0.791810
36.250;-4.748018;0.799501
36.260;-4.767146;0.808951
36.270;-4.785457;0.820067
36.280;-4.803228;0.832557
36.290;-4.820605;0.846023
36.300;-4.837727;0.860067
36.310;-4.854813;0.874391
36.320;-4.872150;0.888838
36.330;-4.889991;0.903372
36.340;-4.908422;0.918025
36.350;-4.927288;0.932829
36.360;-4.946208;0.947774
36.370;-4.964691;0.962792
36.380;-4.982264;0.977774
36.390;-4.998570;0.992598
36.400;-5.013409;1.007156
36.410;-5.026724;1.021376
36.420;-5.038572;1.035235
36.430;-5.049079;1.048782
36.440;-5.058384;1.062140
36.450;-5.066559;1.075460
36.460;-5.073523;1.088842
36.470;-5.078997;1.102260
36.480;-5.082567;1.115558
36.490;-5.083838;1.128503
36.500;-5.082625;1.140844
36.510;-5.079091;1.152342
36.520;-5.073757;1.162768
36.530;-5.067394;1.171896
36.540;-5.060836;1.179507
36.550;-5.054798;1.185400
36.560;-5.049742;1.189383
36.570;-5.045829;1.191280
36.580;-5.042942;1.190985
36.590;-5.040764;1.188557
36.600;-5.038889;1.184312
36.610;-5.036924;1.178838
36.620;-5.034580;1.172931
36.630;-5.031724;1.167479
36.640;-5.028397;1.163287
36.650;-5.024776;1.160899
36.660;-5.021089;1.160443
36.670;-5.017487;1.161617
36.680;-5.013925;1.163824
36.690;-5.010092;1.166410
36.700;-5.005412;1.168905
36.710;-4.999143;1.171172
36.720;-4.990533;1.173433
36.730;-4.979022;1.176200
36.740;-4.964384;1.180114
36.750;-4.946781;1.185751
36.760;-4.926690;1.193442
36.770;-4.904742;1.203163
36.780;-4.881537;1.214537
36.790;-4.857511;1.226920
36.800;-4.832896;1.239541
36.810;-4.807771;1.251668
36.820;-4.782148;1.262780
36.830;-4.756044;1.272689
36.840;-4.729529;1.281563
36.850;-4.702726;1.289800
36.860;-4.675789;1.297815
36.870;-4.648859;1.305834
36.880;-4.622048;1.313791
36.890;-4.595450;1.321376
36.900;-4.569171;1.328174
36.910;-4.543372;1.333832
36.920;-4.518283;1.338161
36.930;-4.494172;1.341168
36.940;-4.471266;1.343011
36.950;-4.449629;1.343953
36.960;-4.429033;1.344323
36.970;-4.408893;1.344505
36.980;-4.388344;1.344923
36.990;-4.366478;1.345984
37.000;-4.342685;1.347985
37.010;-4.316934;1.351039
37.020;-4.289866;1.355072
37.030;-4.262640;1.359906
37.040;-4.236619;1.365379
37.050;-4.213021;1.371425
37.060;-4.192657;1.378068
37.070;-4.175812;1.385314
37.080;-4.162262;1.393047
37.090;-4.151372;1.401004
37.100;-4.142259;1.408862
37.110;-4.134001;1.416386
37.120;-4.125863;1.423541
37.130;-4.117483;1.430526
37.140;-4.108938;1.437708
37.150;-4.100663;1.445502
37.160;-4.093236;1.454217
37.170;-4.087153;1.463973
37.180;-4.082674;1.474702
37.190;-4.079754;1.486258
37.200;-4.078075;1.498543
37.210;-4.077117;1.511595
37.220;-4.076282;1.525572
37.230;-4.075022;1.540682
37.240;-4.072967;1.557102
37.250;-4.069996;1.574944
37.260;-4.066240;1.594274
37.270;-4.062003;1.615155
37.280;-4.057620;1.637674
37.290;-4.053305;1.661929
37.300;-4.049027;1.687952
37.310;-4.044429;1.715629
37.320;-4.038829;1.744661
37.330;-4.031315;1.774618
37.340;-4.020944;1.805025
37.350;-4.007005;1.835453
37.360;-3.989243;1.865592
37.370;-3.967946;1.895262
37.380;-3.943845;1.924389
37.390;-3.917914;1.952962
37.400;-3.891118;1.981015
37.410;-3.864235;2.008641
37.420;-3.837746;2.035980
37.430;-3.811802;2.063158
37.440;-3.786280;2.090178
37.450;-3.760893;2.116822
37.460;-3.735349;2.142659
37.470;-3.709479;2.167165
37.480;-3.683295;2.189914
37.490;-3.656946;2.210733
37.500;-3.630622;2.229744
37.510;-3.604479;2.247264
37.520;-3.578601;2.263647
37.530;-3.552995;2.279130
37.540;-3.527595;2.293759
37.550;-3.502271;2.307392
37.560;-3.476834;2.319756
37.570;-3.451060;2.330538
37.580;-3.424683;2.339473
37.590;-3.397365;2.346424
37.600;-3.368696;2.351416
37.610;-3.338242;2.354640
37.620;-3.305660;2.356439
37.630;-3.270838;2.357307
37.640;-3.233964;2.357868
37.650;-3.195497;2.358831
37.660;-3.156043;2.360879
37.670;-3.116195;2.364492
37.680;-3.076409;2.369767
37.690;-3.036954;2.376294
37.700;-2.997932;2.383181
37.710;-2.959347;2.389289
37.720;-2.921190;2.393588
37.730;-2.883481;2.395523
37.740;-2.846263;2.395212
37.750;-2.809563;2.393413
37.760;-2.773345;2.391261
37.770;-2.737503;2.389876
37.780;-2.701890;2.390004
37.790;-2.666388;2.391841
37.800;-2.630979;2.395115
37.810;-2.595777;2.399321
37.820;-2.560997;2.403971
37.830;-2.526868;2.408712
37.840;-2.493521;2.413319
37.850;-2.460908;2.417653
37.860;-2.428767;2.421652
37.870;-2.396670;2.425361
37.880;-2.364145;2.428954
37.890;-2.330818;2.432668
37.900;-2.296509;2.436656
37.910;-2.261216;2.440849
37.920;-2.225054;2.444934
37.930;-2.188184;2.448464
37.940;-2.150818;2.451050
37.950;-2.113230;2.452502
37.960;-2.075721;2.452889
37.970;-2.038520;2.452492
37.980;-2.001656;2.451717
37.990;-1.964879;2.450999
38.000;-1.927682;2.450724
38.010;-1.889439;2.451186
38.020;-1.849612;2.452558
38.030;-1.807958;2.454871
38.040;-1.764655;2.457992
38.050;-1.720285;2.461610
38.060;-1.675676;2.465250
38.070;-1.631664;2.468311
38.080;-1.588900;2.470126
38.090;-1.547746;2.470009
38.100;-1.508272;2.467289
38.110;-1.470349;2.461394
38.120;-1.433811;2.451954
38.130;-1.398645;2.438922
38.140;-1.365124;2.422610
38.150;-1.333833;2.403595
38.160;-1.305521;2.382490
38.170;-1.280853;2.359704
38.180;-1.260189;2.335317
38.190;-1.243510;2.309155
38.200;-1.230540;2.281003
38.210;-1.220961;2.250801
38.220;-1.214570;2.218712
38.230;-1.211296;2.185027
38.240;-1.211088;2.149988
38.250;-1.213758;2.113665
38.260;-1.218869;2.075974
38.270;-1.225723;2.036825
38.280;-1.233445;1.996337
38.290;-1.241135;1.955013
38.300;-1.248041;1.913749
38.310;-1.253694;1.873676
38.320;-1.257976;1.835834
38.330;-1.261090;1.800850
38.340;-1.263470;1.768733
38.350;-1.265640;1.738892
38.360;-1.268071;1.710383
38.370;-1.271045;1.682252
38.380;-1.274564;1.653851
38.390;-1.278360;1.624996
38.400;-1.281976;1.595925
38.410;-1.284933;1.567115
38.420;-1.286899;1.539043
38.430;-1.287826;1.511988
38.440;-1.288020;1.485939
38.450;-1.288102;1.460641
38.460;-1.288868;1.435755
38.470;-1.291066;1.411059
38.480;-1.295182;1.386583
38.490;-1.301294;1.362592
38.500;-1.309094;1.339458
38.510;-1.318035;1.317487
38.520;-1.327565;1.296797
38.530;-1.337338;1.277286
38.540;-1.347334;1.258661
38.550;-1.357837;1.240463
38.560;-1.369310;1.222109
38.570;-1.382233;1.202942
38.580;-1.396983;1.182329
38.590;-1.413804;1.159741
38.600;-1.432859;1.134764
38.610;-1.454324;1.107047
38.620;-1.478469;1.076233
38.630;-1.505699;1.041939
38.640;-1.536520;1.003782
38.650;-1.571424;0.961458
38.660;-1.610723;0.914819
38.670;-1.654380;0.863983
38.680;-1.701924;0.809442
38.690;-1.752490;0.752146
38.700;-1.805006;0.693491
38.710;-1.858449;0.635194
38.720;-1.912064;0.579031
38.730;-1.965447;0.526523
38.740;-2.018475;0.478644
38.750;-2.071156;0.435656
38.760;-2.123505;0.397108
38.770;-2.175514;0.361984
38.780;-2.227211;0.328922
38.790;-2.278741;0.296447
38.800;-2.330403;0.263167
38.810;-2.382628;0.227943
38.820;-2.435904;0.190035
38.830;-2.490687;0.149218
38.840;-2.547281;0.105825
38.850;-2.605735;0.060709
38.860;-2.665795;0.015115
38.870;-2.726961;-0.029513
38.880;-2.788645;-0.071743
38.890;-2.850385;-0.110376
38.900;-2.911986;-0.144593
38.910;-2.973501;-0.174005
38.920;-3.035059;-0.198587
38.930;-3.096591;-0.218562
38.940;-3.157606;-0.234325
38.950;-3.217118;-0.246411
38.960;-3.273777;-0.255487
38.970;-3.326140;-0.262326
38.980;-3.372965;-0.267758
38.990;-3.413413;-0.272613
39.000;-3.447123;-0.277642
39.010;-3.474192;-0.283436
39.020;-3.495104;-0.290349
39.030;-3.510612;-0.298472
39.040;-3.521597;-0.307700
39.050;-3.528923;-0.317870
39.060;-3.533317;-0.328948
39.070;-3.535317;-0.341157
39.080;-3.535300;-0.354965
39.090;-3.533557;-0.370927
39.100;-3.530405;-0.389463
39.110;-3.526274;-0.410709
39.120;-3.521777;-0.434497
39.130;-3.517688;-0.460448
39.140;-3.514830;-0.488079
39.150;-3.513892;-0.516875
39.160;-3.515273;-0.546294
39.170;-3.519037;-0.575761
39.180;-3.525000;-0.604715
39.190;-3.532885;-0.632709
39.200;-3.542457;-0.659549
39.210;-3.553579;-0.685380
39.220;-3.566191;-0.710679
39.230;-3.580249;-0.736110
39.240;-3.595670;-0.762314
39.250;-3.612301;-0.789706
39.260;-3.629925;-0.818355
39.270;-3.648297;-0.847983
39.280;-3.667194;-0.878062
39.290;-3.686453;-0.907949
39.300;-3.705988;-0.937045
39.310;-3.725774;-0.964931
39.320;-3.745839;-0.991435
39.330;-3.766279;-1.016595
39.340;-3.787297;-1.040532
39.350;-3.809220;-1.063319
39.360;-3.832460;-1.084934
39.370;-3.857407;-1.105335
39.380;-3.884298;-1.124589
39.390;-3.913145;-1.142974
39.400;-3.943775;-1.160969
39.410;-3.976027;-1.179137
39.420;-4.010049;-1.197958
39.430;-4.046573;-1.217694
39.440;-4.087023;-1.238343
39.450;-4.133336;-1.259694
39.460;-4.187489;-1.281435
39.470;-4.250862;-1.303273
39.480;-4.323611;-1.325019
39.490;-4.404280;-1.346644
39.500;-4.489795;-1.368291
39.510;-4.575900;-1.390242
39.520;-4.657963;-1.412849
39.530;-4.731945;-1.436451
39.540;-4.795209;-1.461301
39.550;-4.846930;-1.487559
39.560;-4.888024;-1.515326
39.570;-4.920678;-1.544699
39.580;-4.947694;-1.575810
39.590;-4.971820;-1.608846
39.600;-4.995203;-1.644060
39.610;-5.019040;-1.681735
39.620;-5.043477;-1.722094
39.630;-5.067732;-1.765148
39.640;-5.090437;-1.810540
39.650;-5.110063;-1.857484
39.660;-5.125340;-1.904814
39.670;-5.135554;-1.951177
39.680;-5.140656;-1.995296
39.690;-5.141150;-2.036242
39.700;-5.137864;-2.073569
39.710;-5.131712;-2.107292
39.720;-5.123587;-2.137705
39.730;-5.114341;-2.165175
39.740;-5.104792;-2.189982
39.750;-5.095657;-2.212267
39.760;-5.087443;-2.232076
39.770;-5.080333;-2.249436
39.780;-5.074129;-2.264399
39.790;-5.068270;-2.277038
39.800;-5.061946;-2.287430
39.810;-5.054248;-2.295656
39.820;-5.044323;-2.301826
39.830;-5.031466;-2.306129
39.840;-5.015148;-2.308868
39.850;-4.995004;-2.310453
39.860;-4.970820;-2.311354
39.870;-4.942529;-2.312010
39.880;-4.910235;-2.312707
39.890;-4.874254;-2.313471
39.900;-4.835138;-2.314000
39.910;-4.793623;-2.313696
39.920;-4.750458;-2.311783
39.930;-4.706197;-2.307490
39.940;-4.661030;-2.300209
39.950;-4.614794;-2.289573
39.960;-4.567122;-2.275416
39.970;-4.517667;-2.257670
39.980;-4.466298;-2.236292
39.990;-4.413196;-2.211260
40.000;-4.358877;-2.182643
40.010;-4.304118;-2.150706
40.020;-4.249824;-2.115988
40.030;-4.196830;-2.079349
40.040;-4.145742;-2.041928
40.050;-4.096870;-2.005016
40.060;-4.050299;-1.969832
40.070;-4.006044;-1.937286
40.080;-3.964171;-1.907829
40.090;-3.924813;-1.881459
40.100;-3.888081;-1.857864
40.110;-3.853935;-1.836590
40.120;-3.822126;-1.817122
40.130;-3.792231;-1.798878
40.140;-3.763782;-1.781161
40.150;-3.736404;-1.763192
40.160;-3.709900;-1.744203
40.170;-3.684240;-1.723549
40.180;-3.659496;-1.700744
40.190;-3.635739;-1.675424
40.200;-3.612964;-1.647295
40.210;-3.591040;-1.616136
40.220;-3.569728;-1.581864
40.230;-3.548746;-1.544595
40.240;-3.527872;-1.504645
40.250;-3.507025;-1.462418
40.260;-3.486297;-1.418253
40.270;-3.465889;-1.372308
40.280;-3.446016;-1.324552
40.290;-3.426824;-1.274861
40.300;-3.408361;-1.223160
40.310;-3.390612;-1.169537
40.320;-3.373551;-1.114293
40.330;-3.357184;-1.057926
40.340;-3.341580;-1.001090
40.350;-3.326864;-0.944546
40.360;-3.313182;-0.889136
40.370;-3.300633;-0.835746
40.380;-3.289210;-0.785257
40.390;-3.278781;-0.738494
40.400;-3.269140;-0.696192
40.410;-3.260093;-0.658939
40.420;-3.251544;-0.627098
40.430;-3.243534;-0.600699
40.440;-3.236221;-0.579387
40.450;-3.229802;-0.562456
40.460;-3.224412;-0.548969
40.470;-3.220049;-0.537920
40.480;-3.216556;-0.528378
40.490;-3.213653;-0.519558
40.500;-3.210998;-0.510833
40.510;-3.208265;-0.501713
40.520;-3.205228;-0.491830
40.530;-3.201822;-0.480958
40.540;-3.198182;-0.469033
40.550;-3.194597;-0.456140
40.560;-3.191385;-0.442457
40.570;-3.188728;-0.428188
40.580;-3.186531;-0.413488
40.590;-3.184365;-0.398401
40.600;-3.181506;-0.382805
40.610;-3.177079;-0.366434
40.620;-3.170298;-0.349006
40.630;-3.160725;-0.330423
40.640;-3.148418;-0.310918
40.650;-3.133884;-0.291062
40.660;-3.117837;-0.271604
40.670;-3.100890;-0.253243
40.680;-3.083317;-0.236460
40.690;-3.064984;-0.221442
40.700;-3.045444;-0.208118
40.710;-3.024134;-0.196249
40.720;-3.000583;-0.185506
40.730;-2.974574;-0.175515
40.740;-2.946188;-0.165861
40.750;-2.915720;-0.156098
40.760;-2.883460;-0.145794
40.770;-2.849452;-0.134620
40.780;-2.813344;-0.122453
40.790;-2.774431;-0.109464
40.800;-2.731871;-0.096123
40.810;-2.684985;-0.083101
40.820;-2.633513;-0.071112
40.830;-2.577747;-0.060767
40.840;-2.518498;-0.052489
40.850;-2.456952;-0.046520
40.860;-2.394442;-0.042971
40.870;-2.332263;-0.041872
40.880;-2.271543;-0.043201
40.890;-2.213213;-0.046898
40.900;-2.158029;-0.052898
40.910;-2.106607;-0.061170
40.920;-2.059427;-0.071744
40.930;-2.016800;-0.084663
40.940;-1.978841;-0.099888
40.950;-1.945513;-0.117174
40.960;-1.916712;-0.135988
40.970;-1.892383;-0.155489
40.980;-1.872594;-0.174583
40.990;-1.857514;-0.192042
41.000;-1.847321;-0.206674
41.010;-1.842044;-0.217526
41.020;-1.841429;-0.224043
41.030;-1.844906;-0.226141
41.040;-1.851652;-0.224148
41.050;-1.860748;-0.218661
41.060;-1.871337;-0.210388
41.070;-1.882725;-0.200039
41.080;-1.894391;-0.188280
41.090;-1.905919;-0.175730
41.100;-1.916913;-0.162936
41.110;-1.926959;-0.150311
41.120;-1.935657;-0.138056
41.130;-1.942720;-0.126097
41.140;-1.948044;-0.114120
41.150;-1.951712;-0.101692
41.160;-1.953887;-0.088428
41.170;-1.954678;-0.074088
41.180;-1.954047;-0.058564
41.190;-1.951863;-0.041805
41.200;-1.948069;-0.023766
41.210;-1.942845;-0.004413
41.220;-1.936659;0.016231
41.230;-1.930139;0.038059
41.240;-1.923831;0.060895
41.250;-1.917966;0.084562
41.260;-1.912355;0.108946
41.270;-1.906488;0.134047
41.280;-1.899785;0.160005
41.290;-1.891873;0.187106
41.300;-1.882706;0.215746
41.310;-1.872485;0.246350
41.320;-1.861403;0.279245
41.330;-1.849405;0.314544
41.340;-1.836087;0.352044
41.350;-1.820795;0.391187
41.360;-1.802877;0.431089
41.370;-1.781972;0.470653
41.380;-1.758192;0.508772
41.390;-1.732139;0.544555
41.400;-1.704743;0.577493
41.410;-1.677007;0.607497
41.420;-1.649752;0.634755
41.430;-1.623474;0.659484
41.440;-1.598376;0.681678
41.450;-1.574532;0.700978
41.460;-1.552118;0.716727
41.470;-1.531555;0.728210
41.480;-1.513515;0.734969
41.490;-1.498766;0.737065
41.500;-1.487933;0.735144
41.510;-1.481312;0.730269
41.520;-1.478783;0.723601
41.530;-1.479858;0.716047
41.540;-1.483789;0.708037
41.550;-1.489694;0.699507
41.560;-1.496667;0.690069
41.570;-1.503875;0.679275
41.580;-1.510639;0.666863
41.590;-1.516508;0.652870
41.600;-1.521291;0.637609
41.610;-1.525045;0.621538
41.620;-1.527988;0.605122
41.630;-1.530381;0.588746
41.640;-1.532404;0.572666
41.650;-1.534079;0.556980
41.660;-1.535280;0.541561
41.670;-1.535803;0.526001
41.680;-1.535455;0.509582
41.690;-1.534122;0.491340
41.700;-1.531799;0.470209
41.710;-1.528603;0.445221
41.720;-1.524774;0.415723
41.730;-1.520633;0.381578
41.740;-1.516530;0.343284
41.750;-1.512773;0.301972
41.760;-1.509579;0.259202
41.770;-1.507036;0.216596
41.780;-1.505118;0.175414
41.790;-1.503756;0.136237
41.800;-1.502963;0.098891
41.810;-1.502950;0.062663
41.820;-1.504153;0.026697
41.830;-1.507148;-0.009635
41.840;-1.512506;-0.046547
41.850;-1.520643;-0.083902
41.860;-1.531742;-0.121424
41.870;-1.545719;-0.158931
41.880;-1.562242;-0.196501
41.890;-1.580813;-0.234494
41.900;-1.600882;-0.273452
41.910;-1.621982;-0.313891
41.920;-1.643818;-0.356074
41.930;-1.666286;-0.399826
41.940;-1.689414;-0.444472
41.950;-1.713270;-0.488935
41.960;-1.737875;-0.531968
41.970;-1.763144;-0.572453
41.980;-1.788860;-0.609662
41.990;-1.814680;-0.643399
42.000;-1.840190;-0.673958
42.010;-1.864994;-0.701958
42.020;-1.888812;-0.728111
42.030;-1.911531;-0.753020
42.040;-1.933173;-0.777023
42.050;-1.953815;-0.800140
42.060;-1.973480;-0.822132
42.070;-1.992045;-0.842643
42.080;-2.009225;-0.861355
42.090;-2.024649;-0.878072
42.100;-2.038027;-0.892735
42.110;-2.049317;-0.905409
42.120;-2.058791;-0.916305
42.130;-2.066947;-0.925810
42.140;-2.074316;-0.934500
42.150;-2.081262;-0.943066
42.160;-2.087907;-0.952169
42.170;-2.094184;-0.962264
42.180;-2.099988;-0.973452
42.190;-2.105320;-0.985440
42.200;-2.110356;-0.997645
42.210;-2.115452;-1.009414
42.220;-2.121094;-1.020276
42.230;-2.127834;-1.030118
42.240;-2.136202;-1.039209
42.250;-2.146591;-1.048074
42.260;-2.159140;-1.057282
42.270;-2.173689;-1.067236
42.280;-2.189843;-1.078029
42.290;-2.207154;-1.089404
42.300;-2.225323;-1.100830
42.310;-2.244338;-1.111672
42.320;-2.264493;-1.121382
42.330;-2.286287;-1.129659
42.340;-2.310297;-1.136509
42.350;-2.337049;-1.142204
42.360;-2.366963;-1.147179
42.370;-2.400312;-1.151922
42.380;-2.437216;-1.156871
42.390;-2.477616;-1.162324
42.400;-2.521244;-1.168378
42.410;-2.567585;-1.174901
42.420;-2.615852;-1.181577
42.430;-2.665030;-1.188010
42.440;-2.714021;-1.193865
42.450;-2.761846;-1.198986
42.460;-2.807822;-1.203409
42.470;-2.851610;-1.207248
42.480;-2.893133;-1.210514
42.490;-2.932406;-1.212991
42.500;-2.969346;-1.214249
42.510;-3.003659;-1.213847
42.520;-3.034841;-1.211618
42.530;-3.062289;-1.207904
42.540;-3.085484;-1.203577
42.550;-3.104135;-1.199833
42.560;-3.118251;-1.197828
42.570;-3.128116;-1.198338
42.580;-3.134217;-1.201578
42.590;-3.137166;-1.207222
42.600;-3.137652;-1.214563
42.610;-3.136402;-1.222761
42.620;-3.134112;-1.231093
42.630;-3.131350;-1.239131
42.640;-3.128506;-1.246835
42.650;-3.125802;-1.254529
42.660;-3.123371;-1.262802
42.670;-3.121325;-1.272340
42.680;-3.119785;-1.283722
42.690;-3.118870;-1.297201
42.700;-3.118696;-1.312566
42.710;-3.119380;-1.329120
42.720;-3.121027;-1.345844
42.730;-3.123701;-1.361691
42.740;-3.127378;-1.375922
42.750;-3.131933;-1.388361
42.760;-3.137150;-1.399472
42.770;-3.142770;-1.410224
42.780;-3.148552;-1.421801
42.790;-3.154355;-1.435239
42.800;-3.160189;-1.451103
42.810;-3.166211;-1.469299
42.820;-3.172681;-1.489070
42.830;-3.179884;-1.509185
42.840;-3.188077;-1.528256
42.850;-3.197461;-1.545141
42.860;-3.208164;-1.559277
42.870;-3.220245;-1.570849
42.880;-3.233712;-1.580715
42.890;-3.248555;-1.590092
42.900;-3.264791;-1.600136
42.910;-3.282488;-1.611551
42.920;-3.301740;-1.624391
42.930;-3.322617;-1.638106
42.940;-3.345118;-1.651791
42.950;-3.369172;-1.664535
42.960;-3.394666;-1.675700
42.970;-3.421501;-1.685054
42.980;-3.449616;-1.692709
42.990;-3.478993;-1.698909
43.000;-3.509623;-1.703772
43.010;-3.541487;-1.707089
43.020;-3.574532;-1.708287
43.030;-3.608679;-1.706597
43.040;-3.643818;-1.701349
43.050;-3.679827;-1.692246
43.060;-3.716589;-1.679486
43.070;-3.754031;-1.663683
43.080;-3.792136;-1.645674
43.090;-3.830895;-1.626310
43.100;-3.870209;-1.606327
43.110;-3.909774;-1.586309
43.120;-3.949021;-1.566716
43.130;-3.987148;-1.547936
43.140;-4.023245;-1.530317
43.150;-4.056470;-1.514161
43.160;-4.086248;-1.499677
43.170;-4.112378;-1.486917
43.180;-4.135040;-1.475740
43.190;-4.154671;-1.465838
43.200;-4.171796;-1.456815
43.210;-4.186863;-1.448294
43.220;-4.200151;-1.440021
43.230;-4.211763;-1.431911
43.240;-4.221674;-1.424030
43.250;-4.229811;-1.416502
43.260;-4.236123;-1.409371
43.270;-4.240662;-1.402483
43.280;-4.243655;-1.395447
43.290;-4.245538;-1.387703
43.300;-4.246909;-1.378665
43.310;-4.248435;-1.367865
43.320;-4.250733;-1.355033
43.330;-4.254287;-1.340109
43.340;-4.259411;-1.323193
43.350;-4.266241;-1.304462
43.360;-4.274753;-1.284085
43.370;-4.284776;-1.262152
43.380;-4.295992;-1.238668
43.390;-4.307943;-1.213606
43.400;-4.320042;-1.186973
43.410;-4.331637;-1.158824
43.420;-4.342128;-1.129234
43.430;-4.351082;-1.098252
43.440;-4.358286;-1.065897
43.450;-4.363729;-1.032190
43.460;-4.367514;-0.997213
43.470;-4.369759;-0.961178
43.480;-4.370505;-0.924473
43.490;-4.369691;-0.887659
43.500;-4.367161;-0.851432
43.510;-4.362735;-0.816537
43.520;-4.356297;-0.783673
43.530;-4.347882;-0.753385
43.540;-4.337723;-0.725970
43.550;-4.326219;-0.701422
43.560;-4.313821;-0.679432
43.570;-4.300897;-0.659447
43.580;-4.287614;-0.640767
43.590;-4.273896;-0.622662
43.600;-4.259451;-0.604495
43.610;-4.243885;-0.585803
43.620;-4.226851;-0.566329
43.630;-4.208189;-0.546002
43.640;-4.187999;-0.524896
43.650;-4.166613;-0.503173
43.660;-4.144491;-0.480997
43.670;-4.122093;-0.458454
43.680;-4.099744;-0.435536
43.690;-4.077547;-0.412206
43.700;-4.055350;-0.388529
43.710;-4.032815;-0.364778
43.720;-4.009597;-0.341426
43.730;-3.985556;-0.319029
43.740;-3.960914;-0.298036
43.750;-3.936278;-0.278625
43.760;-3.912513;-0.260650
43.770;-3.890553;-0.243723
43.780;-3.871211;-0.227385
43.790;-3.855042;-0.211269
43.800;-3.842254;-0.195168
43.810;-3.832670;-0.179010
43.820;-3.825782;-0.162790
43.830;-3.820903;-0.146528
43.840;-3.817378;-0.130259
43.850;-3.814766;-0.114032
43.860;-3.812930;-0.097903
43.870;-3.811998;-0.081901
43.880;-3.812230;-0.066008
43.890;-3.813865;-0.050156
43.900;-3.816984;-0.034266
43.910;-3.821443;-0.018295
43.920;-3.826880;-0.002267
43.930;-3.832777;0.013752
43.940;-3.838565;0.029717
43.950;-3.843739;0.045651
43.960;-3.847926;0.061675
43.970;-3.850877;0.077995
43.980;-3.852394;0.094865
43.990;-3.852248;0.112537
44.000;-3.850178;0.131211
44.010;-3.845955;0.151016
44.020;-3.839476;0.172016
44.030;-3.830795;0.194253
44.040;-3.820068;0.217803
44.050;-3.807458;0.242823
44.060;-3.793046;0.269555
44.070;-3.776844;0.298285
44.080;-3.758880;0.329275
44.090;-3.739306;0.362701
44.100;-3.718433;0.398575
44.110;-3.696697;0.436695
44.120;-3.674571;0.476664
44.130;-3.652480;0.518034
44.140;-3.630740;0.560532
44.150;-3.609512;0.604255
44.160;-3.588801;0.649715
44.170;-3.568506;0.697634
44.180;-3.548489;0.748584
44.190;-3.528652;0.802620
44.200;-3.508974;0.859087
44.210;-3.489485;0.916702
44.220;-3.470197;0.973832
44.230;-3.451055;1.028881
44.240;-3.431936;1.080631
44.250;-3.412720;1.128495
44.260;-3.393393;1.172616
44.270;-3.374092;1.213794
44.280;-3.355104;1.253237
44.290;-3.336782;1.292195
44.300;-3.319452;1.331575
44.310;-3.303339;1.371676
44.320;-3.288550;1.412139
44.330;-3.275113;1.452105
44.340;-3.263058;1.490498
44.350;-3.252485;1.526306
44.360;-3.243600;1.558797
44.370;-3.236681;1.587601
44.380;-3.232013;1.612689
44.390;-3.229815;1.634292
44.400;-3.230196;1.652781
44.410;-3.233135;1.668580
44.420;-3.238498;1.682094
44.430;-3.246073;1.693651
44.440;-3.255603;1.703468
44.450;-3.266806;1.711632
44.460;-3.279403;1.718147
44.470;-3.293154;1.723034
44.480;-3.307892;1.726422
44.490;-3.323541;1.728583
44.500;-3.340117;1.729888
44.510;-3.357715;1.730714
44.520;-3.376478;1.731369
44.530;-3.396542;1.732038
44.540;-3.417931;1.732777
44.550;-3.440464;1.733554
44.560;-3.463700;1.734333
44.570;-3.486984;1.735148
44.580;-3.509596;1.736128
44.590;-3.530939;1.737460
44.600;-3.550692;1.739313
44.610;-3.568816;1.741763
44.620;-3.585460;1.744728
44.630;-3.600796;1.747953
44.640;-3.614889;1.751079
44.650;-3.627653;1.753774
44.660;-3.638913;1.755869
44.670;-3.648541;1.757406
44.680;-3.656590;1.758602
44.690;-3.663324;1.759757
44.700;-3.669122;1.761158
44.710;-3.674293;1.763002
44.720;-3.678926;1.765362
44.730;-3.682862;1.768207
44.740;-3.685780;1.771479
44.750;-3.687345;1.775192
44.760;-3.687337;1.779483
44.770;-3.685732;1.784564
44.780;-3.682710;1.790574
44.790;-3.678594;1.797357
44.800;-3.673749;1.804290
44.810;-3.668442;1.810277
44.820;-3.662729;1.814001
44.830;-3.656385;1.814396
44.840;-3.648942;1.811097
44.850;-3.639839;1.804646
44.860;-3.628622;1.796296
44.870;-3.615128;1.787508
44.880;-3.599560;1.779359
44.890;-3.582427;1.772134
44.900;-3.564385;1.765257
44.910;-3.546047;1.757552
44.920;-3.527823;1.747696
44.930;-3.509871;1.734664
44.940;-3.492143;1.717994
44.950;-3.474506;1.697825
44.960;-3.456878;1.674719
44.970;-3.439343;1.649382
44.980;-3.422202;1.622412
44.990;-3.405958;1.594194
45.000;-3.391245;1.564952
45.010;-3.378738;1.534912
45.020;-3.369056;1.504451
45.030;-3.362675;1.474170
45.040;-3.359863;1.444859
45.050;-3.360632;1.417370
45.060;-3.364742;1.392397
45.070;-3.371777;1.370235
45.080;-3.381276;1.350601
45.090;-3.392865;1.332630
45.100;-3.406325;1.315078
45.110;-3.421569;1.296681
45.120;-3.438573;1.276546
45.130;-3.457310;1.254409
45.140;-3.477740;1.230667
45.150;-3.499828;1.206160
45.160;-3.523572;1.181829
45.170;-3.549027;1.158407
45.180;-3.576289;1.136246
45.190;-3.605462;1.115313
45.200;-3.636597;1.095298
45.210;-3.669614;1.075787
45.220;-3.704255;1.056440
45.230;-3.740095;1.037146
45.240;-3.776632;1.018118
45.250;-3.813395;0.999878
45.260;-3.849989;0.983114
45.270;-3.886044;0.968454
45.280;-3.921106;0.956253
45.290;-3.954549;0.946484
45.300;-3.985590;0.938750
45.310;-4.013396;0.932405
45.320;-4.037260;0.926720
45.330;-4.056807;0.921021
45.340;-4.072118;0.914766
45.350;-4.083726;0.907581
45.360;-4.092444;0.899284
45.370;-4.099098;0.889875
45.380;-4.104304;0.879444
45.390;-4.108380;0.867996
45.400;-4.111412;0.855274
45.410;-4.113391;0.840710
45.420;-4.114318;0.823584
45.430;-4.114229;0.803314
45.440;-4.113149;0.779752
45.450;-4.111032;0.753307
45.460;-4.107734;0.724883
45.470;-4.103054;0.695700
45.480;-4.096841;0.667055
45.490;-4.089107;0.640079
45.500;-4.080086;0.615479
45.510;-4.070202;0.593367
45.520;-4.059933;0.573236
45.530;-4.049650;0.554152
45.540;-4.039495;0.535096
45.550;-4.029365;0.515293
45.560;-4.019029;0.494412
45.570;-4.008286;0.472550
45.580;-3.997076;0.450031
45.590;-3.985519;0.427139
45.600;-3.973898;0.403911
45.610;-3.962623;0.380087
45.620;-3.952189;0.355196
45.630;-3.943083;0.328734
45.640;-3.935664;0.300345
45.650;-3.930064;0.269954
45.660;-3.926168;0.237840
45.670;-3.923709;0.204652
45.680;-3.922412;0.171361
45.690;-3.922125;0.139093
45.700;-3.922873;0.108868
45.710;-3.924825;0.081314
45.720;-3.928194;0.056491
45.730;-3.933153;0.033871
45.740;-3.939791;0.012505
45.750;-3.948101;-0.008721
45.760;-3.957968;-0.030830
45.770;-3.969135;-0.054591
45.780;-3.981216;-0.080479
45.790;-3.993792;-0.108730
45.800;-4.006595;-0.139418
45.810;-4.019691;-0.172503
45.820;-4.033547;-0.207841
45.830;-4.048911;-0.245131
45.840;-4.066532;-0.283843
45.850;-4.086852;-0.323161
45.860;-4.109789;-0.362020
45.870;-4.134715;-0.399236
45.880;-4.160632;-0.433697
45.890;-4.186491;-0.464557
45.900;-4.211529;-0.491353
45.910;-4.235507;-0.513997
45.920;-4.258775;-0.532647
45.930;-4.282188;-0.547528
45.940;-4.306906;-0.558790
45.950;-4.334154;-0.566484
45.960;-4.364996;-0.570661
45.970;-4.400167;-0.571546
45.980;-4.439980;-0.569710
45.990;-4.484287;-0.566160
46.000;-4.532460;-0.562320
46.010;-4.583403;-0.559849
46.020;-4.635602;-0.560346
46.030;-4.687263;-0.565013
46.040;-4.736527;-0.574386
46.050;-4.781747;-0.588241
46.060;-4.821759;-0.605724
46.070;-4.856041;-0.625654
46.080;-4.884722;-0.646925
46.090;-4.908435;-0.668860
46.100;-4.928112;-0.691412
46.110;-4.944813;-0.715108
46.120;-4.959610;-0.740809
46.130;-4.973512;-0.769367
46.140;-4.987367;-0.801352
46.150;-5.001751;-0.836922
46.160;-5.016874;-0.875847
46.170;-5.032584;-0.917610
46.180;-5.048489;-0.961491
46.190;-5.064159;-1.006624
46.200;-5.079345;-1.052046
46.210;-5.094102;-1.096770
46.220;-5.108775;-1.139893
46.230;-5.123855;-1.180719
46.240;-5.139760;-1.218874
46.250;-5.156665;-1.254370
46.260;-5.174445;-1.287583
46.270;-5.192773;-1.319174
46.280;-5.211268;-1.349962
46.290;-5.229592;-1.380795
46.300;-5.247435;-1.412416
46.310;-5.264412;-1.445351
46.320;-5.279958;-1.479834
46.330;-5.293291;-1.515781
46.340;-5.303520;-1.552811
46.350;-5.309876;-1.590301
46.360;-5.311997;-1.627442
46.370;-5.310132;-1.663290
46.380;-5.305127;-1.696800
46.390;-5.298194;-1.726863
46.400;-5.290513;-1.752357
46.410;-5.282846;-1.772261
46.420;-5.275320;-1.785838
46.430;-5.267443;-1.792826
46.440;-5.258367;-1.793570
46.450;-5.247267;-1.788998
46.460;-5.233695;-1.780462
46.470;-5.217759;-1.769513
46.480;-5.200094;-1.757652
46.490;-5.181657;-1.746128
46.500;-5.163452;-1.735783
46.510;-5.146276;-1.726960
46.520;-5.130525;-1.719495
46.530;-5.116111;-1.712822
46.540;-5.102496;-1.706186
46.550;-5.088849;-1.698914
46.560;-5.074290;-1.690636
46.570;-5.058116;-1.681347
46.580;-5.039937;-1.671295
46.590;-5.019656;-1.660745
46.600;-4.997320;-1.649773
46.610;-4.972948;-1.638179
46.620;-4.946417;-1.625535
46.630;-4.917462;-1.611295
46.640;-4.885759;-1.594874
46.650;-4.850995;-1.575672
46.660;-4.812942;-1.553071
46.670;-4.771523;-1.526484
46.680;-4.726917;-1.495479
46.690;-4.679647;-1.459933
46.700;-4.630577;-1.420143
46.710;-4.580783;-1.376824
46.720;-4.531326;-1.330984
46.730;-4.483043;-1.283743
46.740;-4.436422;-1.236134
46.750;-4.391624;-1.188963
46.760;-4.348577;-1.142754
46.770;-4.307089;-1.097806
46.780;-4.266920;-1.054304
46.790;-4.227821;-1.012446
46.800;-4.189572;-0.972519
46.810;-4.152055;-0.934904
46.820;-4.115337;-0.900035
46.830;-4.079738;-0.868318
46.840;-4.045838;-0.840053
46.850;-4.014423;-0.815353
46.860;-3.986379;-0.794080
46.870;-3.962543;-0.775814
46.880;-3.943523;-0.759885
46.890;-3.929547;-0.745456
46.900;-3.920381;-0.731646
46.910;-3.915377;-0.717655
46.920;-3.913617;-0.702876
46.930;-3.914117;-0.686960
46.940;-3.915984;-0.669827
46.950;-3.918531;-0.651603
46.960;-3.921323;-0.632516
46.970;-3.924170;-0.612787
46.980;-3.927074;-0.592588
46.990;-3.930133;-0.572062
47.000;-3.933434;-0.551360
47.010;-3.936989;-0.530610
47.020;-3.940726;-0.509818
47.030;-3.944537;-0.488745
47.040;-3.948320;-0.466895
47.050;-3.951983;-0.443656
47.060;-3.955407;-0.418551
47.070;-3.958420;-0.391476
47.080;-3.960812;-0.362782
47.090;-3.962424;-0.333165
47.100;-3.963267;-0.303411
47.110;-3.963593;-0.274128
47.120;-3.963877;-0.245591
47.130;-3.964700;-0.217773
47.140;-3.966588;-0.190549
47.150;-3.969878;-0.163941
47.160;-3.974671;-0.138271
47.170;-3.980857;-0.114144
47.180;-3.988200;-0.092266
47.190;-3.996437;-0.073187
47.200;-4.005364;-0.057109
47.210;-4.014864;-0.043851
47.220;-4.024888;-0.032974
47.230;-4.035397;-0.023983
47.240;-4.046308;-0.016504
47.250;-4.057482;-0.010359
47.260;-4.068747;-0.005531
47.270;-4.079953;-0.002066
47.280;-4.091007;0.000038
47.290;-4.101877;0.000913
47.300;-4.112517;0.000878
47.310;-4.122762;0.000454
47.320;-4.132245;0.000334
47.330;-4.140415;0.001266
47.340;-4.146662;0.003891
47.350;-4.150527;0.008568
47.360;-4.151884;0.015278
47.370;-4.151007;0.023664
47.380;-4.148487;0.033212
47.390;-4.145009;0.043519
47.400;-4.141112;0.054496
47.410;-4.137009;0.066429
47.420;-4.132550;0.079881
47.430;-4.127299;0.095487
47.440;-4.120701;0.113766
47.450;-4.112261;0.134978
47.460;-4.101702;0.159081
47.470;-4.089048;0.185781
47.480;-4.074615;0.214625
47.490;-4.058911;0.245111
47.500;-4.042470;0.276767
47.510;-4.025682;0.309171
47.520;-4.008658;0.341966
47.530;-3.991212;0.374873
47.540;-3.972957;0.407676
47.550;-3.953488;0.440191
47.560;-3.932580;0.472233
47.570;-3.910327;0.503595
47.580;-3.887160;0.534053
47.590;-3.863713;0.563386
47.600;-3.840609;0.591408
47.610;-3.818260;0.618036
47.620;-3.796772;0.643366
47.630;-3.775987;0.667719
47.640;-3.755597;0.691611
47.650;-3.735287;0.715638
47.660;-3.714842;0.740340
47.670;-3.694204;0.766091
47.680;-3.673458;0.793025
47.690;-3.652763;0.821018
47.700;-3.632245;0.849726
47.710;-3.611909;0.878690
47.720;-3.591589;0.907458
47.730;-3.570980;0.935687
47.740;-3.549737;0.963186
47.750;-3.527616;0.989901
47.760;-3.504641;1.015875
47.770;-3.481191;1.041253
47.780;-3.457984;1.066326
47.790;-3.435894;1.091560
47.800;-3.415703;1.117547
47.810;-3.397873;1.144868
47.820;-3.382440;1.173913
47.830;-3.369069;1.204721
47.840;-3.357224;1.236872
47.850;-3.346398;1.269514
47.860;-3.336311;1.301533
47.870;-3.326986;1.331814
47.880;-3.318688;1.359510
47.890;-3.311769;1.384213
47.900;-3.306492;1.405984
47.910;-3.302921;1.425272
47.920;-3.300917;1.442751
47.930;-3.300223;1.459127
47.940;-3.300595;1.474968
47.950;-3.301880;1.490627
47.960;-3.304013;1.506258
47.970;-3.306955;1.521907
47.980;-3.310601;1.537587
47.990;-3.314702;1.553312
48.000;-3.318838;1.569080
48.010;-3.322459;1.584873
48.020;-3.325012;1.600690
48.030;-3.326103;1.616599
48.040;-3.325625;1.632756
48.050;-3.323806;1.649335
48.060;-3.321149;1.666395
48.070;-3.318282;1.683744
48.080;-3.315775;1.700899
48.090;-3.313966;1.717169
48.100;-3.312903;1.731818
48.110;-3.312400;1.744250
48.120;-3.312196;1.754139
48.130;-3.312100;1.761453
48.140;-3.312079;1.766394
48.150;-3.312243;1.769295
48.160;-3.312799;1.770545
48.170;-3.314005;1.770536
48.180;-3.316136;1.769644
48.190;-3.319448;1.768206
48.200;-3.324116;1.766512
48.210;-3.330154;1.764808
48.220;-3.337360;1.763295
48.230;-3.345325;1.762129
48.240;-3.353517;1.761382
48.250;-3.361384;1.761032
48.260;-3.368450;1.760989
48.270;-3.374400;1.761178
48.280;-3.379133;1.761583
48.290;-3.382772;1.762259
48.300;-3.385592;1.763298
48.310;-3.387895;1.764811
48.320;-3.389891;1.766926
48.330;-3.391653;1.769754
48.340;-3.393122;1.773329
48.350;-3.394168;1.777499
48.360;-3.394635;1.781856
48.370;-3.394391;1.785755
48.380;-3.393365;1.788455
48.390;-3.391592;1.789336
48.400;-3.389226;1.788071
48.410;-3.386555;1.784673
48.420;-3.383954;1.779432
48.430;-3.381792;1.772802
48.440;-3.380284;1.765299
48.450;-3.379342;1.757413
48.460;-3.378534;1.749517
48.470;-3.377171;1.741781
48.480;-3.374499;1.734145
48.490;-3.369911;1.726349
48.500;-3.363094;1.718034
48.510;-3.354039;1.708881
48.520;-3.342960;1.698718
48.530;-3.330145;1.687552
48.540;-3.315849;1.675499
48.550;-3.300230;1.662662
48.560;-3.283337;1.649062
48.570;-3.265124;1.634646
48.580;-3.245508;1.619359
48.590;-3.224426;1.603221
48.600;-3.201892;1.586347
48.610;-3.177995;1.568928
48.620;-3.152867;1.551174
48.630;-3.126677;1.533263
48.640;-3.099666;1.515305
48.650;-3.072245;1.497370
48.660;-3.045036;1.479559
48.670;-3.018809;1.462097
48.680;-2.994297;1.445342
48.690;-2.971958;1.429693
48.700;-2.951848;1.415426
48.710;-2.933670;1.402544
48.720;-2.916994;1.390752
48.730;-2.901519;1.379565
48.740;-2.887248;1.368499
48.750;-2.874467;1.357259
48.760;-2.863597;1.345848
48.770;-2.855007;1.334580
48.780;-2.848877;1.323990
48.790;-2.845145;1.314691
48.800;-2.843511;1.307207
48.810;-2.843499;1.301845
48.820;-2.844546;1.298621
48.830;-2.846093;1.297243
48.840;-2.847662;1.297153
48.850;-2.848912;1.297599
48.860;-2.849676;1.297751
48.870;-2.849967;1.296849
48.880;-2.849941;1.294359
48.890;-2.849794;1.290083
48.900;-2.849642;1.284148
48.910;-2.849412;1.276917
48.920;-2.848813;1.268866
48.930;-2.847387;1.260507
48.940;-2.844637;1.252333
48.950;-2.840193;1.244746
48.960;-2.833936;1.237955
48.970;-2.826038;1.231899
48.980;-2.816880;1.226262
48.990;-2.806918;1.220600
49.000;-2.796515;1.214528
49.010;-2.785829;1.207883
49.020;-2.774791;1.200785
49.030;-2.763180;1.193587
49.040;-2.750741;1.186738
49.050;-2.737295;1.180618
49.060;-2.722782;1.175414
49.070;-2.707241;1.171066
49.080;-2.690746;1.167320
49.090;-2.673339;1.163838
49.100;-2.654981;1.160320
49.110;-2.635564;1.156598
49.120;-2.614961;1.152671
49.130;-2.593084;1.148697
49.140;-2.569881;1.144930
49.150;-2.545291;1.141627
49.160;-2.519189;1.138959
49.170;-2.491405;1.136944
49.180;-2.461832;1.135428
49.190;-2.430571;1.134091
49.200;-2.398011;1.132494
49.210;-2.364782;1.130161
49.220;-2.331592;1.126704
49.230;-2.299058;1.121956
49.240;-2.267601;1.116070
49.250;-2.237452;1.109510
49.260;-2.208750;1.102901
49.270;-2.181662;1.096796
49.280;-2.156454;1.091466
49.290;-2.133441;1.086833
49.300;-2.112860;1.082573
49.310;-2.094717;1.078314
49.320;-2.078710;1.073816
49.330;-2.064284;1.069048
49.340;-2.050802;1.064153
49.350;-2.037785;1.059335
49.360;-2.025136;1.054743
49.370;-2.013245;1.050412
49.380;-2.002933;1.046289
49.390;-1.995241;1.042337
49.400;-1.991117;1.038637
49.410;-1.991104;1.035440
49.420;-1.995142;1.033125
49.430;-2.002561;1.032101
49.440;-2.012277;1.032684
49.450;-2.023123;1.035013
49.460;-2.034158;1.039039
49.470;-2.044874;1.044572
49.480;-2.055227;1.051369
49.490;-2.065523;1.059232
49.500;-2.076209;1.068086
49.510;-2.087681;1.078009
49.520;-2.100153;1.089184
49.530;-2.113654;1.101802
49.540;-2.128135;1.115967
49.550;-2.143617;1.131665
49.560;-2.160312;1.148799
49.570;-2.178629;1.167300
49.580;-2.199047;1.187227
49.590;-2.221907;1.208827
49.600;-2.247222;1.232523
49.610;-2.274607;1.258830
49.620;-2.303376;1.288251
49.630;-2.332778;1.321160
49.640;-2.362259;1.357716
49.650;-2.391645;1.397776
49.660;-2.421136;1.440828
49.670;-2.451108;1.485936
49.680;-2.481794;1.531765
49.690;-2.513002;1.576727
49.700;-2.543995;1.619219
49.710;-2.573634;1.657903
49.720;-2.600711;1.691936
49.730;-2.624317;1.721121
49.740;-2.644080;1.745929
49.750;-2.660184;1.767397
49.760;-2.673201;1.786875
49.770;-2.683846;1.805684
49.780;-2.692769;1.824760
49.790;-2.700444;1.844419
49.800;-2.707176;1.864325
49.810;-2.713191;1.883644
49.820;-2.718740;1.901294
49.830;-2.724171;1.916201
49.840;-2.729911;1.927515
49.850;-2.736399;1.934750
49.860;-2.743986;1.937840
49.870;-2.752840;1.937109
49.880;-2.762891;1.933163
49.890;-2.773836;1.926759
49.900;-2.785237;1.918657
49.910;-2.796693;1.909490
49.920;-2.808028;1.899653
49.930;-2.819415;1.889259
49.940;-2.831366;1.878198
49.950;-2.844560;1.866290
49.960;-2.859579;1.853474
49.970;-2.876649;1.839947
49.980;-2.895508;1.826169
49.990;-2.915468;1.812719
50.000;-2.935686;1.800034
50.010;-2.955593;1.788118
50.020;-2.975371;1.776332
50.030;-2.996314;1.763360
50.040;-3.020920;1.747378
50.050;-3.052625;1.726384
50.060;-3.095203;1.698632
50.070;-3.151978;1.663098
50.080;-3.225013;1.619884
50.090;-3.314457;1.570415
50.100;-3.418250;1.517320
50.110;-3.532305;1.463940
50.120;-3.651237;1.413558
50.130;-3.769484;1.368542
50.140;-3.882510;1.329730
50.150;-3.987673;1.296322
50.160;-4.084500;1.266325
50.170;-4.174304;1.237372
50.180;-4.259359;1.207571
50.190;-4.341911;1.176071
50.200;-4.423335;1.143253
50.210;-4.503674;1.110544
50.220;-4.581658;1.079968
50.230;-4.655157;1.053560
50.240;-4.721938;1.032815
50.250;-4.780460;1.018368
50.260;-4.830444;1.009955
50.270;-4.873024;1.006646
50.280;-4.910409;1.007179
50.290;-4.945236;1.010299
50.300;-4.979882;1.015009
50.310;-5.015989;1.020711
50.320;-5.054323;1.027242
50.330;-5.094901;1.034809
50.340;-5.137318;1.043855
50.350;-5.181097;1.054881
50.360;-5.225949;1.068267
50.370;-5.271868;1.084130
50.380;-5.319056;1.102258
50.390;-5.367743;1.122128
50.400;-5.417986;1.143014
50.410;-5.469487;1.164139
50.420;-5.521467;1.184815
50.430;-5.572644;1.204529
50.440;-5.621324;1.222934
50.450;-5.665621;1.239800
50.460;-5.703737;1.254955
50.470;-5.734264;1.268283
50.480;-5.756428;1.279755
50.490;-5.770257;1.289464
50.500;-5.776597;1.297590
50.510;-5.776958;1.304338
50.520;-5.773212;1.309845
50.530;-5.767219;1.314141
50.540;-5.760478;1.317165
50.550;-5.753892;1.318840
50.560;-5.747698;1.319161
50.570;-5.741581;1.318218
50.580;-5.734910;1.316151
50.590;-5.727055;1.313048
50.600;-5.717680;1.308866
50.610;-5.706939;1.303467
50.620;-5.695487;1.296771
50.630;-5.684292;1.288948
50.640;-5.674324;1.280525
50.650;-5.666236;1.272295
50.660;-5.660176;1.265060
50.670;-5.655796;1.259335
50.680;-5.652430;1.255146
50.690;-5.649367;1.252038
50.700;-5.646116;1.249265
50.710;-5.642568;1.246075
50.720;-5.639012;1.241981
50.730;-5.636012;1.236932
50.740;-5.634186;1.231358
50.750;-5.633944;1.226066
50.760;-5.635260;1.222006
50.770;-5.637572;1.219987
50.780;-5.639910;1.220439
50.790;-5.641201;1.223306
50.800;-5.640670;1.228101
50.810;-5.638130;1.234101
50.820;-5.634053;1.240590
50.830;-5.629397;1.247077
50.840;-5.625264;1.253363
50.850;-5.622555;1.259474
50.860;-5.621751;1.265500
50.870;-5.622864;1.271431
50.880;-5.625545;1.277091
50.890;-5.629266;1.282182
50.900;-5.633488;1.286435
50.910;-5.637779;1.289782
50.920;-5.641848;1.292464
50.930;-5.645530;1.295006
50.940;-5.648739;1.298074
50.950;-5.651436;1.302266
50.960;-5.653648;1.307913
50.970;-5.655495;1.314931
50.980;-5.657189;1.322790
50.990;-5.658965;1.330624
51.000;-5.660966;1.337450
51.010;-5.663166;1.342432
51.020;-5.665367;1.345106
51.030;-5.667296;1.345496
51.040;-5.668739;1.344092
51.050;-5.669642;1.341697
51.060;-5.670126;1.339170
51.070;-5.670438;1.337131
51.080;-5.670866;1.335703
51.090;-5.671639;1.334406
51.100;-5.672836;1.332278
51.110;-5.674344;1.328213
51.120;-5.675898;1.321382
51.130;-5.677211;1.311555
51.140;-5.678136;1.299154
51.150;-5.678776;1.285022
51.160;-5.679478;1.270036
51.170;-5.680708;1.254775
51.180;-5.682848;1.239412
51.190;-5.686023;1.223835
51.200;-5.690031;1.207914
51.210;-5.694414;1.191735
51.220;-5.698639;1.175678
51.230;-5.702291;1.160315
51.240;-5.705202;1.146191
51.250;-5.707454;1.133628
51.260;-5.709284;1.122645
51.270;-5.710952;1.113001
51.280;-5.712636;1.104307
51.290;-5.714386;1.096127
51.300;-5.716127;1.088041
51.310;-5.717707;1.079692
51.320;-5.718967;1.070839
51.330;-5.719804;1.061403
51.340;-5.720203;1.051490
51.350;-5.720222;1.041365
51.360;-5.719968;1.031366
51.370;-5.719573;1.021799
51.380;-5.719189;1.012848
51.390;-5.718980;1.004561
51.400;-5.719099;0.996909
51.410;-5.719677;0.989870
51.420;-5.720841;0.983469
51.430;-5.722751;0.977752
51.440;-5.725601;0.972737
51.450;-5.729563;0.968368
51.460;-5.734700;0.964497
51.470;-5.740887;0.960909
51.480;-5.747806;0.957364
51.490;-5.755011;0.953652
51.500;-5.762054;0.949642
51.510;-5.768620;0.945292
51.520;-5.774622;0.940645
51.530;-5.780225;0.935789
51.540;-5.785791;0.930817
51.550;-5.791754;0.925774
51.560;-5.798484;0.920633
51.570;-5.806181;0.915328
51.580;-5.814859;0.909839
51.590;-5.824439;0.904289
51.600;-5.834903;0.898980
51.610;-5.846394;0.894349
51.620;-5.859200;0.890846
51.630;-5.873611;0.888783
51.640;-5.889719;0.888207
51.650;-5.907254;0.888842
51.660;-5.925521;0.890110
51.670;-5.943473;0.891248
51.680;-5.959907;0.891500
51.690;-5.973732;0.890324
51.700;-5.984265;0.887529
51.710;-5.991456;0.883262
51.720;-5.995949;0.877861
51.730;-5.998933;0.871656
51.740;-6.001802;0.864802
51.750;-6.005709;0.857217
51.760;-6.011176;0.848607
51.770;-6.017929;0.838580
51.780;-6.025022;0.826790
51.790;-6.031225;0.813096
51.800;-6.035484;0.797636
51.810;-6.037272;0.780828
51.820;-6.036704;0.763278
51.830;-6.034434;0.745633
51.840;-6.031414;0.728402
51.850;-6.028608;0.711806
51.860;-6.026734;0.695699
51.870;-6.026123;0.679622
51.880;-6.026735;0.662970
51.890;-6.028322;0.645233
51.900;-6.030655;0.626229
51.910;-6.033670;0.606232
51.920;-6.037475;0.585923
51.930;-6.042218;0.566181
51.940;-6.047933;0.547800
51.950;-6.054464;0.531258
51.960;-6.061509;0.516635
51.970;-6.068765;0.503691
51.980;-6.076075;0.492034
51.990;-6.083502;0.481272
52.000;-6.091305;0.471114
52.010;-6.099889;0.461410
52.020;-6.109758;0.452137
52.030;-6.121511;0.443343
52.040;-6.135829;0.435034
52.050;-6.153417;0.427057
52.060;-6.174879;0.419069
52.070;-6.200588;0.410645
52.080;-6.230594;0.401501
52.090;-6.264633;0.391691
52.100;-6.302210;0.381651
52.110;-6.342755;0.372035
52.120;-6.385771;0.363411
52.130;-6.430960;0.355949
52.140;-6.478254;0.349278
52.150;-6.527737;0.342594
52.160;-6.579470;0.334973
52.170;-6.633273;0.325718
52.180;-6.688552;0.314581
52.190;-6.744251;0.301782
52.200;-6.798941;0.287891
52.210;-6.851049;0.273665
52.220;-6.899135;0.259872
52.230;-6.942105;0.247129
52.240;-6.979324;0.235767
52.250;-7.010601;0.225783
52.260;-7.036104;0.216910
52.270;-7.056234;0.208808
52.280;-7.071500;0.201238
52.290;-7.082412;0.194120
52.300;-7.089435;0.187434
52.310;-7.093016;0.181045
52.320;-7.093620;0.174586
52.330;-7.091751;0.167492
52.340;-7.087911;0.159156
52.350;-7.082548;0.149138
52.360;-7.076032;0.137315
52.370;-7.068677;0.123890
52.380;-7.060809;0.109285
52.390;-7.052838;0.093943
52.400;-7.045299;0.078176
52.410;-7.038835;0.062116
52.420;-7.034113;0.045783
52.430;-7.031721;0.029189
52.440;-7.032064;0.012418
52.450;-7.035311;-0.004347
52.460;-7.041399;-0.020820
52.470;-7.050103;-0.036652
52.480;-7.061139;-0.051531
52.490;-7.074259;-0.065313
52.500;-7.089274;-0.078128
52.510;-7.105990;-0.090378
52.520;-7.124087;-0.102646
52.530;-7.143031;-0.115533
52.540;-7.162061;-0.129502
52.550;-7.180275;-0.144757
52.560;-7.196782;-0.161169
52.570;-7.210857;-0.178267
52.580;-7.222063;-0.195290
52.590;-7.230312;-0.211327
52.600;-7.235896;-0.225529
52.610;-7.239483;-0.237354
52.620;-7.242090;-0.246727
52.630;-7.244940;-0.254083
52.640;-7.249212;-0.260258
52.650;-7.255741;-0.266288
52.660;-7.264796;-0.273178
52.670;-7.276014;-0.281679
52.680;-7.288555;-0.292144
52.690;-7.301389;-0.304499
52.700;-7.313641;-0.318311
52.710;-7.324853;-0.332940
52.720;-7.335100;-0.347713
52.730;-7.344960;-0.362091
52.740;-7.355386;-0.375794
52.750;-7.367498;-0.388872
52.760;-7.382335;-0.401730
52.770;-7.400604;-0.415089
52.780;-7.422481;-0.429890
52.790;-7.447516;-0.447112
52.800;-7.474669;-0.467536
52.810;-7.502453;-0.491521
52.820;-7.529146;-0.518870
52.830;-7.553056;-0.548839
52.840;-7.572817;-0.580274
52.850;-7.587656;-0.611870
52.860;-7.597540;-0.642473
52.870;-7.603133;-0.671339
52.880;-7.605573;-0.698247
52.890;-7.606143;-0.723450
52.900;-7.605962;-0.747495
52.910;-7.605757;-0.771029
52.920;-7.605759;-0.794635
52.930;-7.605709;-0.818693
52.940;-7.604937;-0.843277
52.950;-7.602476;-0.868080
52.960;-7.597214;-0.892445
52.970;-7.588132;-0.915502
52.980;-7.574624;-0.936380
52.990;-7.556809;-0.954406
53.000;-7.535690;-0.969233
53.010;-7.513028;-0.980838
53.020;-7.490924;-0.989422
53.030;-7.471246;-0.995248
53.040;-7.455116;-0.998460
53.050;-7.442654;-0.998992
53.060;-7.433070;-0.996606
53.070;-7.425059;-0.991069
53.080;-7.417311;-0.982338
53.090;-7.408922;-0.970672
53.100;-7.399497;-0.956594
53.110;-7.388964;-0.940745
53.120;-7.377232;-0.923685
53.130;-7.363903;-0.905720
53.140;-7.348174;-0.886828
53.150;-7.328967;-0.866714
53.160;-7.305239;-0.844987
53.170;-7.276388;-0.821379
53.180;-7.242627;-0.795904
53.190;-7.205170;-0.768881
53.200;-7.166089;-0.740828
53.210;-7.127855;-0.712268
53.220;-7.092694;-0.683562
53.230;-7.062022;-0.654837
53.240;-7.036196;-0.626028
53.250;-7.014642;-0.596971
53.260;-6.996297;-0.567506
53.270;-6.980137;-0.537529
53.280;-6.965578;-0.507027
53.290;-6.952606;-0.476098
53.300;-6.941640;-0.444921
53.310;-6.933225;-0.413671
53.320;-6.927721;-0.382404
53.330;-6.925092;-0.350993
53.340;-6.924850;-0.319181
53.350;-6.926125;-0.286704
53.360;-6.927837;-0.253387
53.370;-6.928919;-0.219139
53.380;-6.928549;-0.183865
53.390;-6.926306;-0.147400
53.400;-6.922188;-0.109552
53.410;-6.916496;-0.070218
53.420;-6.909625;-0.029503
53.430;-6.901843;0.012266
53.440;-6.893136;0.054639
53.450;-6.883157;0.097194
53.460;-6.871292;0.139684
53.470;-6.856796;0.182129
53.480;-6.838939;0.224829
53.490;-6.817149;0.268286
53.500;-6.791116;0.313034
53.510;-6.760887;0.359421
53.520;-6.726926;0.407413
53.530;-6.690112;0.456497
53.540;-6.651642;0.505732
53.550;-6.612836;0.553973
53.560;-6.574873;0.600170
53.570;-6.538528;0.643652
53.580;-6.503995;0.684304
53.590;-6.470844;0.722598
53.600;-6.438150;0.759442
53.610;-6.404759;0.795900
53.620;-6.369640;0.832852
53.630;-6.332179;0.870707
53.640;-6.292322;0.909250
53.650;-6.250488;0.947681
53.660;-6.207300;0.984814
53.670;-6.163251;1.019349
53.680;-6.118470;1.050114
53.690;-6.072704;1.076190
53.700;-6.025555;1.096947
53.710;-5.976813;1.112047
53.720;-5.926725;1.121455
53.730;-5.876017;1.125482
53.740;-5.825667;1.124809
53.750;-5.776564;1.120427
53.760;-5.729257;1.113460
53.770;-5.683892;1.104899
53.780;-5.640330;1.095323
53.790;-5.598327;1.084736
53.800;-5.557702;1.072606
53.810;-5.518447;1.058123
53.820;-5.480788;1.040570
53.830;-5.445177;1.019674
53.840;-5.412200;0.995814
53.850;-5.382415;0.970020
53.860;-5.356159;0.943753
53.870;-5.333402;0.918509
53.880;-5.313711;0.895365
53.890;-5.296379;0.874632
53.900;-5.280663;0.855754
53.910;-5.266014;0.837502
53.920;-5.252168;0.818395
53.930;-5.239057;0.797201
53.940;-5.226619;0.773339
53.950;-5.214614;0.747053
53.960;-5.202559;0.719322
53.970;-5.189796;0.691541
53.980;-5.175649;0.665120
53.990;-5.159602;0.641116
54.000;-5.141416;0.620048
54.010;-5.121143;0.601898
54.020;-5.099029;0.586280
54.030;-5.075331;0.572705
54.040;-5.050126;0.560862
54.050;-5.023169;0.550811
54.060;-4.993906;0.543017
54.070;-4.961669;0.538204
54.080;-4.925978;0.537060
54.090;-4.886795;0.539931
54.100;-4.844595;0.546638
54.110;-4.800182;0.556469
54.120;-4.754380;0.568355
54.130;-4.707749;0.581117
54.140;-4.660488;0.593735
54.150;-4.612536;0.605511
54.160;-4.563783;0.616097
54.170;-4.514272;0.625410
54.180;-4.464283;0.633488
54.190;-4.414309;0.640370
54.200;-4.364947;0.646042
54.210;-4.316767;0.650440
54.220;-4.270209;0.653511
54.230;-4.225544;0.655288
54.240;-4.182904;0.655928
54.250;-4.142347;0.655662
54.260;-4.103933;0.654691
54.270;-4.067757;0.653081
54.280;-4.033953;0.650733
54.290;-4.002649;0.647468
54.300;-3.973897;0.643158
54.310;-3.947589;0.637879
54.320;-3.923409;0.632001
54.330;-3.900812;0.626187
54.340;-3.879066;0.621264
54.350;-3.857347;0.617985
54.360;-3.834904;0.616769
54.370;-3.811227;0.617557
54.380;-3.786155;0.619881
54.390;-3.759859;0.623125
54.400;-3.732697;0.626842
54.410;-3.705019;0.630975
54.420;-3.676984;0.635871
54.430;-3.648490;0.642104
54.440;-3.619201;0.650194
54.450;-3.588688;0.660386
54.460;-3.556598;0.672569
54.470;-3.522809;0.686369
54.480;-3.487544;0.701326
54.490;-3.451387;0.717071
54.500;-3.415179;0.733397
54.510;-3.379780;0.750248
54.520;-3.345807;0.767637
54.530;-3.313466;0.785579
54.540;-3.282576;0.804044
54.550;-3.252781;0.822925
54.560;-3.223850;0.842014
54.570;-3.195954;0.860972
54.580;-3.169770;0.879320
54.590;-3.146361;0.896473
54.600;-3.126876;0.911796
54.610;-3.112175;0.924692
54.620;-3.102528;0.934708
54.630;-3.097485;0.941635
54.640;-3.095962;0.945549
54.650;-3.096506;0.946780
54.660;-3.097671;0.945806
54.670;-3.098349;0.943128
54.680;-3.097969;0.939180
54.690;-3.096500;0.934284
54.700;-3.094293;0.928648
54.710;-3.091861;0.922357
54.720;-3.089669;0.915337
54.730;-3.087984;0.907294
54.740;-3.086833;0.897690
54.750;-3.086055;0.885814
54.760;-3.085435;0.870938
54.770;-3.084840;0.852512
54.780;-3.084311;0.830292
54.790;-3.084051;0.804392
54.800;-3.084351;0.775270
54.810;-3.085495;0.743669
54.820;-3.087708;0.710506
54.830;-3.091184;0.676689
54.840;-3.096154;0.642901
54.850;-3.102945;0.609419
54.860;-3.111961;0.576049
54.870;-3.123601;0.542208
54.880;-3.138131;0.507127
54.890;-3.155593;0.470122
54.900;-3.175808;0.430830
54.910;-3.198475;0.389362
54.920;-3.223336;0.346304
54.930;-3.250316;0.302566
54.940;-3.279568;0.259141
54.950;-3.311388;0.216834
54.960;-3.346057;0.176040
54.970;-3.383696;0.136626
54.980;-3.424237;0.097965
54.990;-3.467523;0.059124
55.000;-3.513439;0.019176
55.010;-3.561945;-0.022466
55.020;-3.612973;-0.065781
55.030;-3.666247;-0.110038
55.040;-3.721179;-0.153891
55.050;-3.776918;-0.195637
55.060;-3.832529;-0.233589
55.070;-3.887171;-0.266468
55.080;-3.940201;-0.293714
55.090;-3.991193;-0.315583
55.100;-4.039902;-0.333005
55.110;-4.086196;-0.347256
55.120;-4.129992;-0.359582
55.130;-4.171233;-0.370925
55.140;-4.209910;-0.381837
55.150;-4.246114;-0.392547
55.160;-4.280061;-0.403124
55.170;-4.312047;-0.413645
55.180;-4.342370;-0.424287
55.190;-4.371238;-0.435341
55.200;-4.398715;-0.447151
55.210;-4.424716;-0.460013
55.220;-4.449066;-0.474080
55.230;-4.471630;-0.489310
55.240;-4.492456;-0.505477
55.250;-4.511895;-0.522217
55.260;-4.530606;-0.539125
55.270;-4.549438;-0.555840
55.280;-4.569186;-0.572135
55.290;-4.590340;-0.587951
55.300;-4.612921;-0.603356
55.310;-4.636483;-0.618426
55.320;-4.660278;-0.633107
55.330;-4.683507;-0.647137
55.340;-4.705553;-0.660082
55.350;-4.726109;-0.671440
55.360;-4.745159;-0.680754
55.370;-4.762851;-0.687657
55.380;-4.779345;-0.691884
55.390;-4.794731;-0.693295
55.400;-4.809053;-0.691964
55.410;-4.822387;-0.688282
55.420;-4.834918;-0.682971
55.430;-4.846930;-0.676956
55.440;-4.858702;-0.671099
55.450;-4.870379;-0.665923
55.460;-4.881898;-0.661473
55.470;-4.893045;-0.657418
55.480;-4.903616;-0.653343
55.490;-4.913607;-0.649072
55.500;-4.923307;-0.644824
55.510;-4.933235;-0.641100
55.520;-4.943957;-0.638372
55.530;-4.955859;-0.636778
55.540;-4.969006;-0.636007
55.550;-4.983145;-0.635456
55.560;-4.997864;-0.634534
55.570;-5.012789;-0.632959
55.580;-5.027733;-0.630876
55.590;-5.042690;-0.628792
55.600;-5.057718;-0.627367
55.610;-5.072780;-0.627176
55.620;-5.087634;-0.628513
55.630;-5.101823;-0.631291
55.640;-5.114761;-0.635049
55.650;-5.125855;-0.639064
55.660;-5.134631;-0.642531
55.670;-5.140797;-0.644769
55.680;-5.144246;-0.645418
55.690;-5.145025;-0.644578
55.700;-5.143305;-0.642850
55.710;-5.139378;-0.641257
55.720;-5.133675;-0.641016
55.730;-5.126756;-0.643197
55.740;-5.119241;-0.648374
55.750;-5.111710;-0.656417
55.760;-5.104582;-0.666522
55.770;-5.098049;-0.677460
55.780;-5.092060;-0.687935
55.790;-5.086383;-0.696889
55.800;-5.080707;-0.703704
55.810;-5.074777;-0.708264
55.820;-5.068505;-0.710898
55.830;-5.062021;-0.712190
55.840;-5.055622;-0.712709
55.850;-5.049663;-0.712753
55.860;-5.044433;-0.712221
55.870;-5.040066;-0.710659
55.880;-5.036508;-0.707467
55.890;-5.033552;-0.702193
55.900;-5.030913;-0.694786
55.910;-5.028282;-0.685685
55.920;-5.025350;-0.675715
55.930;-5.021793;-0.665832
55.940;-5.017274;-0.656832
55.950;-5.011472;-0.649130
55.960;-5.004151;-0.642684
55.970;-4.995252;-0.637080
55.980;-4.984918;-0.631734
55.990;-4.973453;-0.626124
56.000;-4.961178;-0.619943
56.010;-4.948280;-0.613152
56.020;-4.934702;-0.605905
56.030;-4.920130;-0.598441
56.040;-4.904077;-0.590961
56.050;-4.886005;-0.583563
56.060;-4.865451;-0.576249
56.070;-4.842116;-0.568970
56.080;-4.815903;-0.561641
56.090;-4.786908;-0.554123
56.100;-4.755338;-0.546182
56.110;-4.721394;-0.537499
56.120;-4.685186;-0.527743
56.130;-4.646733;-0.516721
56.140;-4.606068;-0.504518
56.150;-4.563397;-0.491554
56.160;-4.519225;-0.478498
56.170;-4.474335;-0.466045
56.180;-4.429616;-0.454656
56.190;-4.385817;-0.444375
56.200;-4.343382;-0.434812
56.210;-4.302481;-0.425321
56.220;-4.263195;-0.415271
56.230;-4.225735;-0.404297
56.240;-4.190549;-0.392413
56.250;-4.158289;-0.379938
56.260;-4.129696;-0.367319
56.270;-4.105460;-0.354941
56.280;-4.086113;-0.343024
56.290;-4.071937;-0.331598
56.300;-4.062936;-0.320555
56.310;-4.058842;-0.309742
56.320;-4.059188;-0.299067
56.330;-4.063396;-0.288566
56.340;-4.070852;-0.278373
56.350;-4.080928;-0.268616
56.360;-4.092963;-0.259304
56.370;-4.106248;-0.250293
56.380;-4.120088;-0.241370
56.390;-4.133914;-0.232390
56.400;-4.147402;-0.223376
56.410;-4.160494;-0.214506
56.420;-4.173349;-0.206004
56.430;-4.186255;-0.198013
56.440;-4.199563;-0.190551
56.450;-4.213626;-0.183571
56.460;-4.228726;-0.177081
56.470;-4.244961;-0.171178
56.480;-4.262147;-0.165978
56.490;-4.279799;-0.161459
56.500;-4.297209;-0.157325
56.510;-4.313639;-0.152972
56.520;-4.328552;-0.147561
56.530;-4.341783;-0.140191
56.540;-4.353579;-0.130135
56.550;-4.364480;-0.117066
56.560;-4.375113;-0.101189
56.570;-4.385996;-0.083208
56.580;-4.397433;-0.064099
56.590;-4.409516;-0.044787
56.600;-4.422182;-0.025859
56.610;-4.435269;-0.007448
56.620;-4.448551;0.010691
56.630;-4.461759;0.028949
56.640;-4.474614;0.047595
56.650;-4.486889;0.066594
56.660;-4.498504;0.085561
56.670;-4.509602;0.103903
56.680;-4.520545;0.121059
56.690;-4.531792;0.136741
56.700;-4.543700;0.151086
56.710;-4.556346;0.164646
56.720;-4.569464;0.178239
56.730;-4.582524;0.192728
56.740;-4.594946;0.208802
56.750;-4.606352;0.226834
56.760;-4.616733;0.246841
56.770;-4.626446;0.268544
56.780;-4.636041;0.291487
56.790;-4.646028;0.315194
56.800;-4.656692;0.339301
56.810;-4.668015;0.363634
56.820;-4.679692;0.388209
56.830;-4.691244;0.413154
56.840;-4.702211;0.438604
56.850;-4.712367;0.464612
56.860;-4.721850;0.491124
56.870;-4.731141;0.517982
56.880;-4.740881;0.544968
56.890;-4.751609;0.571822
56.900;-4.763563;0.598255
56.910;-4.776640;0.623923
56.920;-4.790520;0.648428
56.930;-4.804860;0.671369
56.940;-4.819454;0.692437
56.950;-4.834293;0.711505
56.960;-4.849554;0.728668
56.970;-4.865545;0.744204
56.980;-4.882650;0.758493
56.990;-4.901248;0.771968
57.000;-4.921635;0.785104
57.010;-4.943981;0.798437
57.020;-4.968357;0.812560
57.030;-4.994845;0.828067
57.040;-5.023650;0.845451
57.050;-5.055146;0.865009
57.060;-5.089748;0.886769
57.070;-5.127661;0.910472
57.080;-5.168594;0.935590
57.090;-5.211582;0.961400
57.100;-5.255043;0.987128
57.110;-5.297104;1.012142
57.120;-5.336122;1.036149
57.130;-5.371218;1.059312
57.140;-5.402610;1.082203
57.150;-5.431587;1.105589
57.160;-5.460116;1.130122
57.170;-5.490210;1.156083
57.180;-5.523308;1.183282
57.190;-5.559899;1.211144
57.200;-5.599483;1.238897
57.210;-5.640833;1.265762
57.220;-5.682393;1.291117
57.230;-5.722674;1.314589
57.240;-5.760544;1.336119
57.250;-5.795389;1.355982
57.260;-5.827127;1.374750
57.270;-5.856092;1.393177
57.280;-5.882806;1.412020
57.290;-5.907751;1.431835
57.300;-5.931215;1.452821
57.310;-5.953260;1.474800
57.320;-5.973799;1.497305
57.330;-5.992707;1.519765
57.340;-6.009912;1.541695
57.350;-6.025410;1.562845
57.360;-6.039177;1.583274
57.370;-6.051048;1.603344
57.380;-6.060659;1.623637
57.390;-6.067555;1.644853
57.400;-6.071423;1.667709
57.410;-6.072321;1.692886
57.420;-6.070715;1.720987
57.430;-6.067269;1.752476
57.440;-6.062515;1.787576
57.450;-6.056604;1.826147
57.460;-6.049287;1.867611
57.470;-6.040130;1.910996
57.480;-6.028804;1.955107
57.490;-6.015323;1.998795
57.500;-6.000063;2.041224
57.510;-5.983560;2.082032
57.520;-5.966158;2.121300
57.530;-5.947685;2.159343
57.540;-5.927297;2.196408
57.550;-5.903615;2.232442
57.560;-5.875078;2.267027
57.570;-5.840382;2.299482
57.580;-5.798831;2.329071
57.590;-5.750502;2.355191
57.600;-5.696229;2.377474
57.610;-5.637433;2.395792
57.620;-5.575877;2.410208
57.630;-5.513397;2.420946
57.640;-5.451659;2.428395
57.650;-5.391949;2.433150
57.660;-5.335037;2.436007
57.670;-5.281124;2.437851
57.680;-5.229914;2.439439
57.690;-5.180774;2.441172
57.700;-5.132962;2.442973
57.710;-5.085848;2.444346
57.720;-5.039102;2.444562
57.730;-4.992796;2.442881
57.740;-4.947413;2.438710
57.750;-4.903780;2.431669
57.760;-4.862943;2.421561
57.770;-4.826009;2.408275
57.780;-4.793948;2.391683
57.790;-4.767392;2.371601
57.800;-4.746472;2.347854
57.810;-4.730725;2.320404
57.820;-4.719138;2.289442
57.830;-4.710320;2.255385
57.840;-4.702799;2.218810
57.850;-4.695338;2.180378
57.860;-4.687170;2.140777
57.870;-4.678074;2.100653
57.880;-4.668292;2.060547
57.890;-4.658324;2.020845
57.900;-4.648654;1.981769
57.910;-4.639503;1.943396
57.920;-4.630681;1.905703
57.930;-4.621609;1.868662
57.940;-4.611501;1.832373
57.950;-4.599625;1.797197
57.960;-4.585546;1.763762
57.970;-4.569252;1.732814
57.980;-4.551150;1.704952
57.990;-4.531929;1.680403
58.000;-4.512347;1.658971
58.010;-4.492984;1.640174
58.020;-4.474049;1.623481
58.030;-4.455308;1.608503
58.040;-4.436180;1.595064
58.050;-4.415945;1.583138
58.060;-4.393978;1.572715
58.070;-4.369931;1.563677
58.080;-4.343798;1.555773
58.090;-4.315880;1.548679
58.100;-4.286690;1.542106
58.110;-4.256829;1.535872
58.120;-4.226854;1.529873
58.130;-4.197183;1.523978
58.140;-4.168074;1.517908
58.150;-4.139698;1.511203
58.160;-4.112279;1.503319
58.170;-4.086231;1.493815
58.180;-4.062218;1.482543
58.190;-4.041085;1.469721
58.200;-4.023685;1.455876
58.210;-4.010643;1.441679
58.220;-4.002150;1.427757
58.230;-3.997864;1.414538
58.240;-3.996955;1.402138
58.250;-3.998297;1.390302
58.260;-4.000743;1.378407
58.270;-4.003382;1.365554
58.280;-4.005683;1.350742
58.290;-4.007479;1.333105
58.300;-4.008822;1.312150
58.310;-4.009797;1.287876
58.320;-4.010409;1.260754
58.330;-4.010561;1.231542
58.340;-4.010096;1.201030
58.350;-4.008871;1.169775
58.360;-4.006818;1.137932
58.370;-4.003981;1.105196
58.380;-4.000459;1.070882
58.390;-3.996312;1.034095
58.400;-3.991438;0.993972
58.410;-3.985534;0.949934
58.420;-3.978143;0.901887
58.430;-3.968792;0.850290
58.440;-3.957134;0.796060
58.450;-3.943033;0.740359
58.460;-3.926563;0.684315
58.470;-3.907953;0.628770
58.480;-3.887505;0.574096
58.490;-3.865533;0.520164
58.500;-3.842294;0.466472
58.510;-3.817938;0.412419
58.520;-3.792439;0.357618
58.530;-3.765567;0.302139
58.540;-3.736927;0.246574
58.550;-3.706074;0.191910
58.560;-3.672701;0.139244
58.570;-3.636821;0.089469
58.580;-3.598859;0.043040
58.590;-3.559593;-0.000074
58.600;-3.519967;-0.040312
58.610;-3.480877;-0.078365
58.620;-3.442992;-0.115055
58.630;-3.406673;-0.151243
58.640;-3.371941;-0.187755
58.650;-3.338512;-0.225263
58.660;-3.305892;-0.264158
58.670;-3.273537;-0.304471
58.680;-3.241042;-0.345911
58.690;-3.208284;-0.388015
58.700;-3.175450;-0.430364
58.710;-3.142937;-0.472786
58.720;-3.111164;-0.515466
58.730;-3.080373;-0.558884
58.740;-3.050518;-0.603598
58.750;-3.021268;-0.649960
58.760;-2.992112;-0.697928
58.770;-2.962522;-0.747063
58.780;-2.932081;-0.796691
58.790;-2.900551;-0.846117
58.800;-2.867892;-0.894780
58.810;-2.834263;-0.942280
58.820;-2.800030;-0.988321
58.830;-2.765746;-1.032670
58.840;-2.732062;-1.075188
58.850;-2.699570;-1.115951
58.860;-2.668636;-1.155332
58.870;-2.639303;-1.193951
58.880;-2.611308;-1.232448
58.890;-2.584208;-1.271167
58.900;-2.557560;-1.309927
58.910;-2.531074;-1.347997
58.920;-2.504703;-1.384305
58.930;-2.478641;-1.417778
58.940;-2.453250;-1.447692
58.950;-2.428935;-1.473873
58.960;-2.406009;-1.496669
58.970;-2.384590;-1.516727
58.980;-2.364577;-1.534660
58.990;-2.345716;-1.550779
59.000;-2.327715;-1.564991
59.010;-2.310372;-1.576892
59.020;-2.293640;-1.585957
59.030;-2.277622;-1.591713
59.040;-2.262478;-1.593825
59.050;-2.248322;-1.592107
59.060;-2.235118;-1.586491
59.070;-2.222655;-1.576995
59.080;-2.210580;-1.563668
59.090;-2.198485;-1.546532
59.100;-2.185982;-1.525541
59.110;-2.172737;-1.500594
59.120;-2.158442;-1.471598
59.130;-2.142779;-1.438558
59.140;-2.125413;-1.401644
59.150;-2.106063;-1.361216
59.160;-2.084621;-1.317789
59.170;-2.061284;-1.271976
59.180;-2.036582;-1.224420
59.190;-2.011291;-1.175737
59.200;-1.986256;-1.126478
59.210;-1.962190;-1.077109
59.220;-1.939536;-1.028012
59.230;-1.918423;-0.979473
59.240;-1.898716;-0.931644
59.250;-1.880144;-0.884462
59.260;-1.862474;-0.837616
59.270;-1.845648;-0.790608
59.280;-1.829852;-0.742904
59.290;-1.815470;-0.694106
59.300;-1.802948;-0.644037
59.310;-1.792631;-0.592739
59.320;-1.784659;-0.540391
59.330;-1.778978;-0.487245
59.340;-1.775450;-0.433576
59.350;-1.774027;-0.379665
59.360;-1.774858;-0.325762
59.370;-1.778291;-0.272010
59.380;-1.784722;-0.218340
59.390;-1.794390;-0.164392
59.400;-1.807187;-0.109534
59.410;-1.822586;-0.053014
59.420;-1.839709;0.005769
59.430;-1.857520;0.066967
59.440;-1.875054;0.130057
59.450;-1.891602;0.193822
59.460;-1.906801;0.256569
59.470;-1.920615;0.316523
59.480;-1.933227;0.372262
59.490;-1.944874;0.423055
59.500;-1.955695;0.468987
59.510;-1.965633;0.510851
59.520;-1.974464;0.549878
59.530;-1.981927;0.587415
59.540;-1.987897;0.624657
59.550;-1.992473;0.662491
59.560;-1.995943;0.701454
59.570;-1.998650;0.741782
59.580;-2.000839;0.783482
59.590;-2.002582;0.826393
59.600;-2.003799;0.870202
59.610;-2.004334;0.914445
59.620;-2.004045;0.958518
59.630;-2.002856;1.001761
59.640;-2.000760;1.043581
59.650;-1.997800;1.083583
59.660;-1.994044;1.121660
59.670;-1.989568;1.158016
59.680;-1.984457;1.193109
59.690;-1.978791;1.227538
59.700;-1.972630;1.261894
59.710;-1.966029;1.296605
59.720;-1.959062;1.331833
59.730;-1.951840;1.367456
59.740;-1.944515;1.403127
59.750;-1.937254;1.438386
59.760;-1.930210;1.472749
59.770;-1.923524;1.505737
59.780;-1.917329;1.536863
59.790;-1.911777;1.565612
59.800;-1.907028;1.591457
59.810;-1.903218;1.613951
59.820;-1.900404;1.632885
59.830;-1.898539;1.648450
59.840;-1.897488;1.661270
59.850;-1.897095;1.672256
59.860;-1.897254;1.682303
59.870;-1.897956;1.691961
59.880;-1.899267;1.701244
59.890;-1.901258;1.709663
59.900;-1.903926;1.716445
59.910;-1.907141;1.720863
59.920;-1.910691;1.722497
59.930;-1.914389;1.721352
59.940;-1.918205;1.717784
59.950;-1.922337;1.712348
59.960;-1.927167;1.705640
59.970;-1.933099;1.698172
59.980;-1.940347;1.690309
59.990;-1.948782;1.682246
60.000;-1.957922;1.674052
