f_time;copX;copY
0.010;-0.198672;0.982342
0.020;-0.180127;1.017923
0.030;-0.159979;1.052861
0.040;-0.136724;1.086957
0.050;-0.109241;1.120367
0.060;-0.076864;1.153653
0.070;-0.039327;1.187722
0.080;0.003385;1.223606
0.090;0.051177;1.262177
0.100;0.103879;1.303860
0.110;0.161179;1.348447
0.120;0.222479;1.395034
0.130;0.286791;1.442104
0.140;0.352785;1.487731
0.150;0.419004;1.529885
0.160;0.484207;1.566772
0.170;0.547650;1.597160
0.180;0.609160;1.620611
0.190;0.668939;1.637572
0.200;0.727215;1.649302
0.210;0.783902;1.657611
0.220;0.838472;1.664450
0.230;0.890082;1.671418
0.240;0.937920;1.679354
0.250;0.981595;1.688169
0.260;1.021415;1.697000
0.270;1.058415;1.704625
0.280;1.094159;1.709963
0.290;1.130392;1.712462
0.300;1.168648;1.712237
0.310;1.209924;1.709964
0.320;1.254472;1.706587
0.330;1.301734;1.702959
0.340;1.350421;1.699531
0.350;1.398691;1.696196
0.360;1.444405;1.692347
0.370;1.485417;1.687121
0.380;1.519845;1.679730
0.390;1.546254;1.669712
0.400;1.563711;1.657036
0.410;1.571687;1.642034
0.420;1.569847;1.625261
0.430;1.557797;1.607359
0.440;1.534892;1.588927
0.450;1.500187;1.570368
0.460;1.452547;1.551707
0.470;1.390891;1.532411
0.480;1.314476;1.511318
0.490;1.223184;1.486759
0.500;1.117762;1.456882
0.510;0.999976;1.420117
0.520;0.872646;1.375617
0.530;0.739475;1.323530
0.540;0.604690;1.265027
0.550;0.472546;1.202092
0.560;0.346847;1.137176
0.570;0.230622;1.072783
0.580;0.126016;1.011095
0.590;0.034370;0.953710
0.600;-0.043620;0.901523
0.610;-0.107768;0.854765
0.620;-0.158380;0.813161
0.630;-0.196324;0.776153
0.640;-0.223117;0.743081
0.650;-0.240921;0.713243
0.660;-0.252435;0.685802
0.670;-0.260740;0.659593
0.680;-0.269156;0.632987
0.690;-0.281127;0.603904
0.700;-0.300104;0.570049
0.710;-0.329352;0.529350
0.720;-0.371677;0.480509
0.730;-0.429094;0.423514
0.740;-0.502545;0.359931
0.750;-0.591742;0.292778
0.760;-0.695264;0.225972
0.770;-0.810937;0.163490
0.780;-0.936469;0.108554
0.790;-1.070152;0.063075
0.800;-1.211378;0.027480
0.810;-1.360741;0.000906
0.820;-1.519649;-0.018340
0.830;-1.689566;-0.032237
0.840;-1.871114;-0.042584
0.850;-2.063307;-0.050751
0.860;-2.263125;-0.057614
0.870;-2.465545;-0.063610
0.880;-2.664053;-0.068835
0.890;-2.851555;-0.073168
0.900;-3.021432;-0.076378
0.910;-3.168499;-0.078213
0.920;-3.289621;-0.078490
0.930;-3.383933;-0.077228
0.940;-3.452700;-0.074806
0.950;-3.498926;-0.072087
0.960;-3.526787;-0.070405
0.970;-3.540948;-0.071370
0.980;-3.545851;-0.076544
0.990;-3.545092;-0.087145
1.000;-3.541018;-0.103904
1.010;-3.534619;-0.127145
1.020;-3.525729;-0.156944
1.030;-3.513470;-0.193263
1.040;-3.496800;-0.235931
1.050;-3.474998;-0.284524
1.060;-3.447912;-0.338216
1.070;-3.415905;-0.395731
1.080;-3.379548;-0.455489
1.090;-3.339243;-0.515914
1.100;-3.294958;-0.575799
1.110;-3.246199;-0.634561
1.120;-3.192237;-0.692260
1.130;-3.132474;-0.749369
1.140;-3.066763;-0.806424
1.150;-2.995551;-0.863714
1.160;-2.919819;-0.921142
1.170;-2.840876;-0.978270
1.180;-2.760097;-1.034472
1.190;-2.678677;-1.089099
1.200;-2.597457;-1.141537
1.210;-2.516836;-1.191147
1.220;-2.436741;-1.237148
1.230;-2.356637;-1.278547
1.240;-2.275598;-1.314243
1.250;-2.192479;-1.343317
1.260;-2.106192;-1.365392
1.270;-2.016032;-1.380946
1.280;-1.921945;-1.391434
1.290;-1.824607;-1.399156
1.300;-1.725296;-1.406886
1.310;-1.625610;-1.417330
1.320;-1.527168;-1.432555
1.330;-1.431433;-1.453596
1.340;-1.339684;-1.480366
1.350;-1.253115;-1.511878
1.360;-1.172955;-1.546661
1.370;-1.100517;-1.583155
1.380;-1.037134;-1.619969
1.390;-0.983949;-1.655967
1.400;-0.941632;-1.690236
1.410;-0.910073;-1.721979
1.420;-0.888200;-1.750407
1.430;-0.873982;-1.774718
1.440;-0.864656;-1.794220
1.450;-0.857102;-1.808576
1.460;-0.848262;-1.818045
1.470;-0.835483;-1.823520
1.480;-0.816709;-1.826321
1.490;-0.790522;-1.827803
1.500;-0.756077;-1.828970
1.510;-0.712989;-1.830271
1.520;-0.661216;-1.831678
1.530;-0.600912;-1.833014
1.540;-0.532267;-1.834354
1.550;-0.455379;-1.836288
1.560;-0.370258;-1.839889
1.570;-0.276998;-1.846405
1.580;-0.176051;-1.856859
1.590;-0.068484;-1.871795
1.600;0.043892;-1.891288
1.610;0.158560;-1.915167
1.620;0.272460;-1.943302
1.630;0.382220;-1.975781
1.640;0.484380;-2.012880
1.650;0.575561;-2.054825
1.660;0.652581;-2.101427
1.670;0.712597;-2.151711
1.680;0.753316;-2.203673
1.690;0.773246;-2.254308
1.700;0.771922;-2.299966
1.710;0.750002;-2.336929
1.720;0.709254;-2.362033
1.730;0.652462;-2.373106
1.740;0.583306;-2.369160
1.750;0.506169;-2.350376
1.760;0.425818;-2.318017
1.770;0.346927;-2.274286
1.780;0.273530;-2.222114
1.790;0.208573;-2.164821
1.800;0.153739;-2.105698
1.810;0.109586;-2.047574
1.820;0.075923;-1.992499
1.830;0.052232;-1.941577
1.840;0.037987;-1.895013
1.850;0.032762;-1.852296
1.860;0.036146;-1.812461
1.870;0.047526;-1.774344
1.880;0.065858;-1.736794
1.890;0.089506;-1.698809
1.900;0.116245;-1.659603
1.910;0.143402;-1.618600
1.920;0.168149;-1.575377
1.930;0.187869;-1.529572
1.940;0.200571;-1.480805
1.950;0.205228;-1.428624
1.960;0.201963;-1.372516
1.970;0.191959;-1.312024
1.980;0.177126;-1.246931
1.990;0.159608;-1.177415
2.000;0.141294;-1.104107
2.010;0.123490;-1.027992
2.020;0.106814;-0.950235
2.030;0.091300;-0.871977
2.040;0.076616;-0.794173
2.050;0.062317;-0.717460
2.060;0.048055;-0.642070
2.070;0.033698;-0.567811
2.080;0.019402;-0.494157
2.090;0.005610;-0.420441
2.100;-0.007008;-0.346127
2.110;-0.017713;-0.271021
2.120;-0.025920;-0.195374
2.130;-0.031442;-0.119837
2.140;-0.034644;-0.045347
2.150;-0.036457;0.026980
2.160;-0.038213;0.095888
2.170;-0.041342;0.160000
2.180;-0.047044;0.217861
2.190;-0.056069;0.268063
2.200;-0.068704;0.309467
2.210;-0.084964;0.341483
2.220;-0.104888;0.364324
2.230;-0.128789;0.379120
2.240;-0.157330;0.387799
2.250;-0.191405;0.392738
2.260;-0.231889;0.396295
2.270;-0.279376;0.400386
2.280;-0.334026;0.406242
2.290;-0.395578;0.414405
2.300;-0.463490;0.424896
2.310;-0.537143;0.437448
2.320;-0.615984;0.451671
2.330;-0.699517;0.467142
2.340;-0.787064;0.483457
2.350;-0.877390;0.500318
2.360;-0.968371;0.517617
2.370;-1.056921;0.535402
2.380;-1.139307;0.553713
2.390;-1.211789;0.572367
2.400;-1.271384;0.590842
2.410;-1.316450;0.608308
2.420;-1.346854;0.623772
2.430;-1.363674;0.636261
2.440;-1.368570;0.644972
2.450;-1.363126;0.649377
2.460;-1.348426;0.649278
2.470;-1.324982;0.644808
2.480;-1.292966;0.636402
2.490;-1.252570;0.624740
2.500;-1.204287;0.610702
2.510;-1.148993;0.595322
2.520;-1.087856;0.579746
2.530;-1.022143;0.565168
2.540;-0.953043;0.552754
2.550;-0.881536;0.543578
2.560;-0.808361;0.538555
2.570;-0.734043;0.538355
2.580;-0.658987;0.543323
2.590;-0.583580;0.553418
2.600;-0.508261;0.568209
2.610;-0.433553;0.586922
2.620;-0.360084;0.608529
2.630;-0.288594;0.631880
2.640;-0.219933;0.655880
2.650;-0.155017;0.679681
2.660;-0.094745;0.702826
2.670;-0.039890;0.725245
2.680;0.009040;0.747103
2.690;0.051929;0.768536
2.700;0.089153;0.789391
2.710;0.121595;0.809089
2.720;0.150549;0.826658
2.730;0.177550;0.840898
2.740;0.204137;0.850600
2.750;0.231634;0.854756
2.760;0.260958;0.852706
2.770;0.292515;0.844189
2.780;0.326186;0.829267
2.790;0.361405;0.808170
2.800;0.397329;0.781107
2.810;0.433028;0.748159
2.820;0.467646;0.709316
2.830;0.500491;0.664650
2.840;0.531054;0.614589
2.850;0.558972;0.560120
2.860;0.583985;0.502818
2.870;0.605905;0.444621
2.880;0.624576;0.387418
2.890;0.639843;0.332634
2.900;0.651547;0.280984
2.910;0.659590;0.232525
2.920;0.664067;0.186947
2.930;0.665405;0.143914
2.940;0.664388;0.103264
2.950;0.662056;0.064945
2.960;0.659470;0.028763
2.970;0.657454;-0.005895
2.980;0.656416;-0.040149
2.990;0.656362;-0.075453
3.000;0.657076;-0.113204
3.010;0.658427;-0.154322
3.020;0.660622;-0.198950
3.030;0.664281;-0.246369
3.040;0.670280;-0.295166
3.050;0.679413;-0.343598
3.060;0.692050;-0.390024
3.070;0.707927;-0.433274
3.080;0.726172;-0.472816
3.090;0.745541;-0.508714
3.100;0.764774;-0.541410
3.110;0.782922;-0.571443
3.120;0.799491;-0.599210
3.130;0.814341;-0.624879
3.140;0.827402;-0.648480
3.150;0.838375;-0.670104
3.160;0.846568;-0.690066
3.170;0.850962;-0.708927
3.180;0.850498;-0.727369
3.190;0.844444;-0.746021
3.200;0.832651;-0.765349
3.210;0.815567;-0.785668
3.220;0.793957;-0.807304
3.230;0.768424;-0.830810
3.240;0.738930;-0.857107
3.250;0.704572;-0.887479
3.260;0.663718;-0.923387
3.270;0.614477;-0.966128
3.280;0.555338;-1.016422
3.290;0.485775;-1.074004
3.300;0.406659;-1.137365
3.310;0.320391;-1.203787
3.320;0.230667;-1.269700
3.330;0.141893;-1.331341
3.340;0.058366;-1.385514
3.350;-0.016562;-1.430230
3.360;-0.081043;-1.464998
3.370;-0.134846;-1.490670
3.380;-0.178977;-1.508976
3.390;-0.215009;-1.521947
3.400;-0.244400;-1.531452
3.410;-0.268061;-1.538975
3.420;-0.286274;-1.545581
3.430;-0.298916;-1.552001
3.440;-0.305812;-1.558718
3.450;-0.307060;-1.566020
3.460;-0.303209;-1.574002
3.470;-0.295301;-1.582580
3.480;-0.284806;-1.591507
3.490;-0.273467;-1.600417
3.500;-0.263086;-1.608811
3.510;-0.255255;-1.616001
3.520;-0.251105;-1.621011
3.530;-0.251124;-1.622538
3.540;-0.255105;-1.619045
3.550;-0.262224;-1.609020
3.560;-0.271236;-1.591378
3.570;-0.280746;-1.565887
3.580;-0.289510;-1.533463
3.590;-0.296710;-1.496143
3.600;-0.302135;-1.456713
3.610;-0.306196;-1.418080
3.620;-0.309763;-1.382628
3.630;-0.313866;-1.351773
3.640;-0.319369;-1.325839
3.650;-0.326737;-1.304242
3.660;-0.335995;-1.285847
3.670;-0.346866;-1.269366
3.680;-0.359039;-1.253678
3.690;-0.372423;-1.238004
3.700;-0.387307;-1.221925
3.710;-0.404354;-1.205263
3.720;-0.424442;-1.187885
3.730;-0.448366;-1.169502
3.740;-0.476496;-1.149564
3.750;-0.508478;-1.127287
3.760;-0.543131;-1.101839
3.770;-0.578594;-1.072576
3.780;-0.612720;-1.039274
3.790;-0.643574;-1.002231
3.800;-0.669898;-0.962218
3.810;-0.691352;-0.920276
3.820;-0.708485;-0.877450
3.830;-0.722432;-0.834556
3.840;-0.734468;-0.792085
3.850;-0.745531;-0.750252
3.860;-0.755895;-0.709166
3.870;-0.765063;-0.669024
3.880;-0.771960;-0.630278
3.890;-0.775320;-0.593676
3.900;-0.774163;-0.560177
3.910;-0.768161;-0.530731
3.920;-0.757781;-0.506019
3.930;-0.744154;-0.486251
3.940;-0.728735;-0.471111
3.950;-0.712888;-0.459868
3.960;-0.697589;-0.451589
3.970;-0.683337;-0.445379
3.980;-0.670309;-0.440550
3.990;-0.658635;-0.436678
4.000;-0.648634;-0.433531
4.010;-0.640887;-0.430925
4.020;-0.636135;-0.428587
4.030;-0.635080;-0.426105
4.040;-0.638195;-0.422991
4.050;-0.645628;-0.418808
4.060;-0.657217;-0.413296
4.070;-0.672599;-0.406414
4.080;-0.691350;-0.398283
4.090;-0.713062;-0.389088
4.100;-0.737357;-0.378976
4.110;-0.763828;-0.367998
4.120;-0.792028;-0.356046
4.130;-0.821520;-0.342794
4.140;-0.851986;-0.327695
4.150;-0.883321;-0.310112
4.160;-0.915636;-0.289582
4.170;-0.949173;-0.266104
4.180;-0.984172;-0.240284
4.190;-1.020776;-0.213249
4.200;-1.059004;-0.186349
4.210;-1.098765;-0.160798
4.220;-1.139849;-0.137386
4.230;-1.181896;-0.116375
4.240;-1.224400;-0.097596
4.250;-1.266808;-0.080675
4.260;-1.308686;-0.065281
4.270;-1.349861;-0.051285
4.280;-1.390411;-0.038790
4.290;-1.430472;-0.028023
4.300;-1.469960;-0.019157
4.310;-1.508353;-0.012149
4.320;-1.544660;-0.006665
4.330;-1.577588;-0.002121
4.340;-1.605837;0.002195
4.350;-1.628425;0.006957
4.360;-1.644934;0.012641
4.370;-1.655611;0.019392
4.380;-1.661311;0.026944
4.390;-1.663294;0.034600
4.400;-1.662960;0.041335
4.410;-1.661636;0.046011
4.420;-1.660464;0.047675
4.430;-1.660387;0.045835
4.440;-1.662167;0.040633
4.450;-1.666398;0.032786
4.460;-1.673510;0.023333
4.470;-1.683793;0.013281
4.480;-1.697444;0.003299
4.490;-1.714610;-0.006411
4.500;-1.735421;-0.016056
4.510;-1.759964;-0.026075
4.520;-1.788242;-0.036915
4.530;-1.820139;-0.048849
4.540;-1.855458;-0.061924
4.550;-1.894007;-0.076067
4.560;-1.935731;-0.091315
4.570;-1.980807;-0.108050
4.580;-2.029708;-0.127084
4.590;-2.083183;-0.149555
4.600;-2.142117;-0.176645
4.610;-2.207234;-0.209194
4.620;-2.278671;-0.247304
4.630;-2.355576;-0.290056
4.640;-2.435912;-0.335475
4.650;-2.516591;-0.380846
4.660;-2.593958;-0.423285
4.670;-2.664472;-0.460399
4.680;-2.725345;-0.490769
4.690;-2.774929;-0.514126
4.700;-2.812734;-0.531171
4.710;-2.839163;-0.543167
4.720;-2.855102;-0.551462
4.730;-2.861547;-0.557112
4.740;-2.859373;-0.560706
4.750;-2.849267;-0.562404
4.760;-2.831791;-0.562138
4.770;-2.807485;-0.559857
4.780;-2.776949;-0.555701
4.790;-2.740838;-0.550051
4.800;-2.699798;-0.543476
4.810;-2.654400;-0.536624
4.820;-2.605101;-0.530063
4.830;-2.552223;-0.524094
4.840;-2.495928;-0.518561
4.850;-2.436177;-0.512770
4.860;-2.372685;-0.505612
4.870;-2.304948;-0.495952
4.880;-2.232390;-0.483167
4.890;-2.154631;-0.467590
4.900;-2.071764;-0.450603
4.910;-1.984498;-0.434290
4.920;-1.894095;-0.420769
4.930;-1.802125;-0.411527
4.940;-1.710188;-0.407046
4.950;-1.619697;-0.406874
4.960;-1.531797;-0.410009
4.970;-1.447399;-0.415402
4.980;-1.367257;-0.422315
4.990;-1.291985;-0.430515
5.000;-1.221971;-0.440315
5.010;-1.157220;-0.452514
5.020;-1.097234;-0.468226
5.030;-1.041042;-0.488584
5.040;-0.987413;-0.514363
5.050;-0.935198;-0.545667
5.060;-0.883629;-0.581805
5.070;-0.832450;-0.621445
5.080;-0.781857;-0.662990
5.090;-0.732279;-0.705018
5.100;-0.684117;-0.746585
5.110;-0.637503;-0.787270
5.120;-0.592170;-0.827023
5.130;-0.547465;-0.865928
5.140;-0.502479;-0.904047
5.150;-0.456248;-0.941379
5.160;-0.407973;-0.977888
5.170;-0.357195;-1.013553
5.180;-0.303897;-1.048387
5.190;-0.248478;-1.082417
5.200;-0.191579;-1.115651
5.210;-0.133803;-1.148034
5.220;-0.075435;-1.179401
5.230;-0.016334;-1.209460
5.240;0.043941;-1.237828
5.250;0.105811;-1.264140
5.260;0.169331;-1.288172
5.270;0.233985;-1.309911
5.280;0.298707;-1.329515
5.290;0.362101;-1.347207
5.300;0.422733;-1.363129
5.310;0.479379;-1.377250
5.320;0.531135;-1.389342
5.330;0.577391;-1.399034
5.340;0.617738;-1.405918
5.350;0.651860;-1.409664
5.360;0.679469;-1.410137
5.370;0.700288;-1.407481
5.380;0.714079;-1.402161
5.390;0.720720;-1.394947
5.400;0.720299;-1.386799
5.410;0.713204;-1.378705
5.420;0.700196;-1.371478
5.430;0.682410;-1.365572
5.440;0.661294;-1.360946
5.450;0.638440;-1.357072
5.460;0.615393;-1.353102
5.470;0.593481;-1.348178
5.480;0.573734;-1.341782
5.490;0.556878;-1.333965
5.500;0.543363;-1.325339
5.510;0.533407;-1.316826
5.520;0.527048;-1.309272
5.530;0.524204;-1.303092
5.540;0.524708;-1.298110
5.550;0.528314;-1.293638
5.560;0.534675;-1.288747
5.570;0.543304;-1.282603
5.580;0.553554;-1.274736
5.590;0.564599;-1.265191
5.600;0.575432;-1.254494
5.610;0.584888;-1.243487
5.620;0.591720;-1.233083
5.630;0.594740;-1.224047
5.640;0.592979;-1.216871
5.650;0.585820;-1.211734
5.660;0.573082;-1.208505
5.670;0.555049;-1.206756
5.680;0.532404;-1.205820
5.690;0.506048;-1.204909
5.700;0.476806;-1.203273
5.710;0.445087;-1.200362
5.720;0.410613;-1.195981
5.730;0.372363;-1.190416
5.740;0.328790;-1.184529
5.750;0.278285;-1.179738
5.760;0.219726;-1.177816
5.770;0.152897;-1.180487
5.780;0.078601;-1.188947
5.790;-0.001552;-1.203476
5.800;-0.085531;-1.223281
5.810;-0.171266;-1.246589
5.820;-0.256865;-1.270932
5.830;-0.340646;-1.293555
5.840;-0.421021;-1.311861
5.850;-0.496384;-1.323822
5.860;-0.565112;-1.328241
5.870;-0.625723;-1.324854
5.880;-0.677100;-1.314234
5.890;-0.718674;-1.297592
5.900;-0.750464;-1.276535
5.910;-0.772995;-1.252881
5.920;-0.787167;-1.228510
5.930;-0.794145;-1.205186
5.940;-0.795297;-1.184326
5.950;-0.792145;-1.166762
5.960;-0.786296;-1.152600
5.970;-0.779345;-1.141263
5.980;-0.772808;-1.131712
5.990;-0.768081;-1.122746
6.000;-0.766423;-1.113244
6.010;-0.768925;-1.102279
6.020;-0.776439;-1.089130
6.030;-0.789512;-1.073266
6.040;-0.808320;-1.054342
6.050;-0.832632;-1.032212
6.060;-0.861825;-1.006938
6.070;-0.894994;-0.978779
6.080;-0.931118;-0.948154
6.090;-0.969220;-0.915558
6.100;-1.008457;-0.881476
6.110;-1.048117;-0.846325
6.120;-1.087590;-0.810490
6.130;-1.126330;-0.774420
6.140;-1.163797;-0.738721
6.150;-1.199398;-0.704165
6.160;-1.232455;-0.671608
6.170;-1.262226;-0.641851
6.180;-1.288003;-0.615469
6.190;-1.309225;-0.592697
6.200;-1.325572;-0.573391
6.210;-1.337007;-0.557116
6.220;-1.343796;-0.543318
6.230;-1.346491;-0.531520
6.240;-1.345906;-0.521471
6.250;-1.343058;-0.513161
6.260;-1.339087;-0.506709
6.270;-1.335148;-0.502153
6.280;-1.332276;-0.499257
6.290;-1.331231;-0.497396
6.300;-1.332342;-0.495587
6.310;-1.335409;-0.492615
6.320;-1.339701;-0.487230
6.330;-1.344086;-0.478363
6.340;-1.347295;-0.465343
6.350;-1.348242;-0.448051
6.360;-1.346320;-0.426968
6.370;-1.341572;-0.403061
6.380;-1.334703;-0.377595
6.390;-1.326911;-0.351900
6.400;-1.319606;-0.327180
6.410;-1.314072;-0.304346
6.420;-1.311158;-0.283901
6.430;-1.311092;-0.265850
6.440;-1.313479;-0.249667
6.450;-1.317473;-0.234361
6.460;-1.322053;-0.218668
6.470;-1.326293;-0.201363
6.480;-1.329532;-0.181558
6.490;-1.331427;-0.158866
6.500;-1.331910;-0.133389
6.510;-1.331109;-0.105546
6.520;-1.329287;-0.075838
6.530;-1.326832;-0.044654
6.540;-1.324262;-0.012153
6.550;-1.322184;0.021781
6.560;-1.321169;0.057539
6.570;-1.321553;0.095779
6.580;-1.323251;0.137352
6.590;-1.325704;0.183149
6.600;-1.328005;0.233801
6.610;-1.329227;0.289331
6.620;-1.328798;0.348895
6.630;-1.326764;0.410752
6.640;-1.323806;0.472498
6.650;-1.321006;0.531436
6.660;-1.319479;0.584964
6.670;-1.320038;0.630886
6.680;-1.322996;0.667647
6.690;-1.328159;0.694507
6.700;-1.334943;0.711593
6.710;-1.342576;0.719821
6.720;-1.350314;0.720661
6.730;-1.357653;0.715840
6.740;-1.364478;0.707059
6.750;-1.371069;0.695784
6.760;-1.377931;0.683164
6.770;-1.385487;0.670065
6.780;-1.393759;0.657194
6.790;-1.402157;0.645178
6.800;-1.409451;0.634554
6.810;-1.413984;0.625663
6.820;-1.414094;0.618558
6.830;-1.408632;0.613002
6.840;-1.397404;0.608562
6.850;-1.381334;0.604746
6.860;-1.362263;0.601102
6.870;-1.342399;0.597256
6.880;-1.323610;0.592896
6.890;-1.306740;0.587723
6.900;-1.291215;0.581436
6.910;-1.275070;0.573731
6.920;-1.255443;0.564318
6.930;-1.229386;0.552904
6.940;-1.194737;0.539164
6.950;-1.150726;0.522751
6.960;-1.098100;0.503373
6.970;-1.038783;0.480924
6.980;-0.975254;0.455579
6.990;-0.909933;0.427784
7.000;-0.844785;0.398127
7.010;-0.781215;0.367157
7.020;-0.720185;0.335249
7.030;-0.662432;0.302541
7.040;-0.608671;0.268978
7.050;-0.559680;0.234431
7.060;-0.516227;0.198855
7.070;-0.478871;0.162434
7.080;-0.447736;0.125675
7.090;-0.422396;0.089440
7.100;-0.401935;0.054888
7.110;-0.385198;0.023296
7.120;-0.371073;-0.004239
7.130;-0.358691;-0.027142
7.140;-0.347407;-0.045600
7.150;-0.336587;-0.060582
7.160;-0.325339;-0.073633
7.170;-0.312363;-0.086489
7.180;-0.296047;-0.100657
7.190;-0.274765;-0.117068
7.200;-0.247251;-0.135925
7.210;-0.212869;-0.156792
7.220;-0.171700;-0.178846
7.230;-0.124426;-0.201172
7.240;-0.072103;-0.222976
7.250;-0.015903;-0.243641
7.260;0.043080;-0.262688
7.270;0.103897;-0.279706
7.280;0.165676;-0.294330
7.290;0.227473;-0.306271
7.300;0.288121;-0.315359
7.310;0.346166;-0.321571
7.320;0.399905;-0.325038
7.330;0.447539;-0.326020
7.340;0.487389;-0.324863
7.350;0.518123;-0.321944
7.360;0.538914;-0.317611
7.370;0.549491;-0.312121
7.380;0.550103;-0.305606
7.390;0.541421;-0.298074
7.400;0.524449;-0.289475
7.410;0.500473;-0.279782
7.420;0.471022;-0.269039
7.430;0.437811;-0.257352
7.440;0.402634;-0.244887
7.450;0.367243;-0.231924
7.460;0.333222;-0.218968
7.470;0.301904;-0.206820
7.480;0.274323;-0.196492
7.490;0.251234;-0.188972
7.500;0.233143;-0.184893
7.510;0.220347;-0.184298
7.520;0.212933;-0.186569
7.530;0.210764;-0.190572
7.540;0.213472;-0.194949
7.550;0.220499;-0.198465
7.560;0.231140;-0.200254
7.570;0.244601;-0.199880
7.580;0.260036;-0.197210
7.590;0.276608;-0.192211
7.600;0.293592;-0.184825
7.610;0.310488;-0.175027
7.620;0.327091;-0.163002
7.630;0.343448;-0.149334
7.640;0.359711;-0.135034
7.650;0.375941;-0.121351
7.660;0.391971;-0.109439
7.670;0.407401;-0.100026
7.680;0.421736;-0.093230
7.690;0.434577;-0.088595
7.700;0.445751;-0.085294
7.710;0.455283;-0.082447
7.720;0.463232;-0.079417
7.730;0.469506;-0.076009
7.740;0.473760;-0.072507
7.750;0.475471;-0.069544
7.760;0.474122;-0.067842
7.770;0.469374;-0.067946
7.780;0.461132;-0.070043
7.790;0.449500;-0.073968
7.800;0.434715;-0.079332
7.810;0.417108;-0.085676
7.820;0.397136;-0.092528
7.830;0.375439;-0.099368
7.840;0.352882;-0.105558
7.850;0.330548;-0.110357
7.860;0.309659;-0.113069
7.870;0.291410;-0.113285
7.880;0.276789;-0.111092
7.890;0.266422;-0.107120
7.900;0.260501;-0.102379
7.910;0.258789;-0.097935
7.920;0.260692;-0.094571
7.930;0.265376;-0.092593
7.940;0.271906;-0.091848
7.950;0.279395;-0.091892
7.960;0.287125;-0.092200
7.970;0.294598;-0.092328
7.980;0.301502;-0.092047
7.990;0.307636;-0.091462
8.000;0.312833;-0.091067
8.010;0.316916;-0.091671
8.020;0.319660;-0.094177
8.030;0.320782;-0.099264
8.040;0.319970;-0.107154
8.050;0.316938;-0.117546
8.060;0.311525;-0.129748
8.070;0.303779;-0.142901
8.080;0.293989;-0.156196
8.090;0.282650;-0.169027
8.100;0.270344;-0.181059
8.110;0.257582;-0.192227
8.120;0.244660;-0.202692
8.130;0.231580;-0.212749
8.140;0.218075;-0.222697
8.150;0.203738;-0.232671
8.160;0.188208;-0.242524
8.170;0.171355;-0.251849
8.180;0.153362;-0.260160
8.190;0.134671;-0.267167
8.200;0.115780;-0.272977
8.210;0.097019;-0.278153
8.220;0.078402;-0.283571
8.230;0.059628;-0.290186
8.240;0.040246;-0.298788
8.250;0.019868;-0.309837
8.260;-0.001623;-0.323407
8.270;-0.023998;-0.339200
8.280;-0.046730;-0.356591
8.290;-0.069138;-0.374707
8.300;-0.090540;-0.392579
8.310;-0.110369;-0.409345
8.320;-0.128246;-0.424466
8.330;-0.144039;-0.437839
8.340;-0.157898;-0.449765
8.350;-0.170229;-0.460773
8.360;-0.181577;-0.471370
8.370;-0.192457;-0.481844
8.380;-0.203186;-0.492199
8.390;-0.213795;-0.502235
8.400;-0.224036;-0.511690
8.410;-0.233472;-0.520309
8.420;-0.241597;-0.527850
8.430;-0.247968;-0.534033
8.440;-0.252314;-0.538545
8.450;-0.254580;-0.541107
8.460;-0.254886;-0.541592
8.470;-0.253401;-0.540126
8.480;-0.250203;-0.537107
8.490;-0.245212;-0.533136
8.500;-0.238233;-0.528862
8.510;-0.229069;-0.524826
8.520;-0.217627;-0.521316
8.530;-0.204005;-0.518284
8.540;-0.188524;-0.515331
8.550;-0.171751;-0.511800
8.560;-0.154479;-0.506987
8.570;-0.137658;-0.500416
8.580;-0.122269;-0.492050
8.590;-0.109144;-0.482350
8.600;-0.098820;-0.472145
8.610;-0.091487;-0.462382
8.620;-0.087041;-0.453821
8.630;-0.085223;-0.446808
8.640;-0.085765;-0.441170
8.650;-0.088498;-0.436303
8.660;-0.093380;-0.431402
8.670;-0.100456;-0.425759
8.680;-0.109755;-0.419004
8.690;-0.121214;-0.411161
8.700;-0.134619;-0.402531
8.710;-0.149614;-0.393459
8.720;-0.165734;-0.384113
8.730;-0.182475;-0.374412
8.740;-0.199368;-0.364102
8.750;-0.216075;-0.352933
8.760;-0.232453;-0.340805
8.770;-0.248577;-0.327826
8.780;-0.264666;-0.314232
8.790;-0.280987;-0.300231
8.800;-0.297767;-0.285833
8.810;-0.315192;-0.270796
8.820;-0.333418;-0.254734
8.830;-0.352584;-0.237365
8.840;-0.372815;-0.218786
8.850;-0.394264;-0.199623
8.860;-0.417229;-0.180936
8.870;-0.442262;-0.163909
8.880;-0.470201;-0.149438
8.890;-0.502051;-0.137829
8.900;-0.538760;-0.128720
8.910;-0.580997;-0.121250
8.920;-0.629029;-0.114348
8.930;-0.682727;-0.107031
8.940;-0.741678;-0.098656
8.950;-0.805371;-0.089094
8.960;-0.873355;-0.078795
8.970;-0.945304;-0.068690
8.980;-1.020916;-0.059898
8.990;-1.099640;-0.053320
9.000;-1.180331;-0.049261
9.010;-1.261010;-0.047252
9.020;-1.338906;-0.046182
9.030;-1.410887;-0.044671
9.040;-1.474151;-0.041516
9.050;-1.526914;-0.036053
9.060;-1.568757;-0.028308
9.070;-1.600519;-0.018962
9.080;-1.623816;-0.009134
9.090;-1.640461;-0.000086
9.100;-1.652029;0.007088
9.110;-1.659672;0.011685
9.120;-1.664166;0.013505
9.130;-1.666077;0.012825
9.140;-1.665931;0.010266
9.150;-1.664329;0.006616
9.160;-1.661981;0.002641
9.170;-1.659704;-0.001025
9.180;-1.658398;-0.003909
9.190;-1.659020;-0.005642
9.200;-1.662539;-0.005908
9.210;-1.669858;-0.004442
9.220;-1.681717;-0.001074
9.230;-1.698568;0.004232
9.240;-1.720454;0.011386
9.250;-1.746923;0.020183
9.260;-1.777052;0.030307
9.270;-1.809625;0.041312
9.280;-1.843409;0.052635
9.290;-1.877424;0.063655
9.300;-1.911094;0.073774
9.310;-1.944257;0.082484
9.320;-1.977070;0.089373
9.330;-2.009862;0.094121
9.340;-2.042976;0.096529
9.350;-2.076646;0.096601
9.360;-2.110935;0.094650
9.370;-2.145757;0.091298
9.380;-2.180966;0.087334
9.390;-2.216464;0.083449
9.400;-2.252270;0.079985
9.410;-2.288509;0.076814
9.420;-2.325325;0.073433
9.430;-2.362745;0.069245
9.440;-2.400539;0.063908
9.450;-2.438130;0.057547
9.460;-2.474574;0.050758
9.470;-2.508673;0.044387
9.480;-2.539192;0.039219
9.490;-2.565156;0.035742
9.500;-2.586101;0.034048
9.510;-2.602166;0.033896
9.520;-2.613968;0.034870
9.530;-2.622336;0.036530
9.540;-2.628017;0.038501
9.550;-2.631485;0.040492
9.560;-2.632914;0.042273
9.570;-2.632266;0.043666
9.580;-2.629402;0.044577
9.590;-2.624154;0.045091
9.600;-2.616310;0.045577
9.610;-2.605567;0.046748
9.620;-2.591504;0.049610
9.630;-2.573609;0.055281
9.640;-2.551377;0.064696
9.650;-2.524465;0.078282
9.660;-2.492854;0.095730
9.670;-2.456975;0.115981
9.680;-2.417719;0.137489
9.690;-2.376303;0.158667
9.700;-2.334031;0.178333
9.710;-2.292038;0.195948
9.720;-2.251081;0.211578
9.730;-2.211430;0.225623
9.740;-2.172862;0.238482
9.750;-2.134759;0.250328
9.760;-2.096298;0.261074
9.770;-2.056727;0.270526
9.780;-2.015687;0.278620
9.790;-1.973475;0.285570
9.800;-1.931138;0.291846
9.810;-1.890300;0.297997
9.820;-1.852800;0.304402
9.830;-1.820278;0.311077
9.840;-1.793858;0.317625
9.850;-1.774013;0.323322
9.860;-1.760610;0.327360
9.870;-1.753079;0.329142
9.880;-1.750618;0.328530
9.890;-1.752347;0.325938
9.900;-1.757365;0.322209
9.910;-1.764739;0.318394
9.920;-1.773453;0.315532
9.930;-1.782408;0.314546
9.940;-1.790462;0.316258
9.950;-1.796513;0.321405
9.960;-1.799550;0.330585
9.970;-1.798672;0.344092
9.980;-1.793086;0.361753
9.990;-1.782127;0.382874
10.000;-1.765332;0.406389
10.010;-1.742554;0.431172
10.020;-1.714026;0.456388
10.030;-1.680333;0.481715
10.040;-1.642279;0.507320
10.050;-1.600731;0.533598
10.060;-1.556512;0.560793
10.070;-1.510381;0.588699
10.080;-1.463077;0.616581
10.090;-1.415349;0.643348
10.100;-1.367933;0.667844
10.110;-1.321469;0.689144
10.120;-1.276403;0.706699
10.130;-1.232892;0.720336
10.140;-1.190759;0.730132
10.150;-1.149496;0.736229
10.160;-1.108327;0.738685
10.170;-1.066303;0.737419
10.180;-1.022433;0.732309
10.190;-0.975845;0.723372
10.200;-0.925990;0.710925
10.210;-0.872852;0.695612
10.220;-0.817050;0.678290
10.230;-0.759784;0.659797
10.240;-0.702628;0.640707
10.250;-0.647221;0.621175
10.260;-0.594976;0.600924
10.270;-0.546857;0.579386
10.280;-0.503272;0.555907
10.290;-0.464100;0.529945
10.300;-0.428847;0.501194
10.310;-0.396871;0.469655
10.320;-0.367599;0.435618
10.330;-0.340661;0.399614
10.340;-0.315918;0.362323
10.350;-0.293397;0.324504
10.360;-0.273202;0.286925
10.370;-0.255459;0.250324
10.380;-0.240308;0.215378
10.390;-0.227936;0.182691
10.400;-0.218601;0.152782
10.410;-0.212598;0.126041
10.420;-0.210177;0.102654
10.430;-0.211454;0.082536
10.440;-0.216378;0.065333
10.450;-0.224800;0.050491
10.460;-0.236596;0.037355
10.470;-0.251787;0.025243
10.480;-0.270572;0.013497
10.490;-0.293245;0.001547
10.500;-0.320030;-0.010981
10.510;-0.350892;-0.024153
10.520;-0.385414;-0.037673
10.530;-0.422746;-0.050928
10.540;-0.461633;-0.063131
10.550;-0.500536;-0.073481
10.560;-0.537825;-0.081330
10.570;-0.572013;-0.086286
10.580;-0.601981;-0.088271
10.590;-0.627114;-0.087521
10.600;-0.647342;-0.084576
10.610;-0.663075;-0.080248
10.620;-0.675067;-0.075553
10.630;-0.684249;-0.071572
10.640;-0.691568;-0.069272
10.650;-0.697877;-0.069331
10.660;-0.703893;-0.072023
10.670;-0.710204;-0.077217
10.680;-0.717311;-0.084506
10.690;-0.725668;-0.093422
10.700;-0.735733;-0.103610
10.710;-0.748002;-0.114875
10.720;-0.763041;-0.127124
10.730;-0.781499;-0.140247
10.740;-0.804045;-0.154007
10.750;-0.831210;-0.167949
10.760;-0.863113;-0.181356
10.770;-0.899187;-0.193283
10.780;-0.938042;-0.202711
10.790;-0.977596;-0.208773
10.800;-1.015480;-0.210993
10.810;-1.049568;-0.209423
10.820;-1.078395;-0.204605
10.830;-1.101307;-0.197349
10.840;-1.118323;-0.188439
10.850;-1.129818;-0.178411
10.860;-1.136221;-0.167487
10.870;-1.137828;-0.155661
10.880;-1.134783;-0.142812
10.890;-1.127129;-0.128782
10.900;-1.114878;-0.113400
10.910;-1.098032;-0.096527
10.920;-1.076626;-0.078162
10.930;-1.050798;-0.058580
10.940;-1.020921;-0.038392
10.950;-0.987718;-0.018479
10.960;-0.952314;0.000250
10.970;-0.916171;0.017146
10.980;-0.880914;0.032057
10.990;-0.848077;0.045384
11.000;-0.818814;0.057943
11.010;-0.793651;0.070719
11.020;-0.772356;0.084620
11.030;-0.754011;0.100293
11.040;-0.737296;0.117999
11.050;-0.720890;0.137572
11.060;-0.703844;0.158465
11.070;-0.685784;0.179894
11.080;-0.666896;0.201023
11.090;-0.647745;0.221154
11.100;-0.629030;0.239857
11.110;-0.611342;0.257022
11.120;-0.595012;0.272842
11.130;-0.580067;0.287727
11.140;-0.566312;0.302198
11.150;-0.553475;0.316779
11.160;-0.541339;0.331905
11.170;-0.529798;0.347830
11.180;-0.518788;0.364579
11.190;-0.508181;0.381957
11.200;-0.497680;0.399634
11.210;-0.486813;0.417279
11.220;-0.475015;0.434702
11.230;-0.461774;0.451929
11.240;-0.446783;0.469133
11.250;-0.430042;0.486443
11.260;-0.411866;0.503695
11.270;-0.392787;0.520289
11.280;-0.373357;0.535243
11.290;-0.353940;0.547476
11.300;-0.334577;0.556187
11.310;-0.315019;0.561163
11.320;-0.294918;0.562857
11.330;-0.274097;0.562195
11.340;-0.252778;0.560217
11.350;-0.231652;0.557676
11.360;-0.211759;0.554788
11.370;-0.194250;0.551205
11.380;-0.180126;0.546253
11.390;-0.170057;0.539314
11.400;-0.164331;0.530194
11.410;-0.162907;0.519314
11.420;-0.165536;0.507645
11.430;-0.171857;0.496454
11.440;-0.181436;0.486991
11.450;-0.193751;0.480225
11.460;-0.208200;0.476689
11.470;-0.224145;0.476428
11.480;-0.241008;0.479034
11.490;-0.258335;0.483778
11.500;-0.275829;0.489816
11.510;-0.293317;0.496407
11.520;-0.310709;0.503053
11.530;-0.327987;0.509518
11.540;-0.345234;0.515732
11.550;-0.362675;0.521638
11.560;-0.380642;0.527071
11.570;-0.399452;0.531739
11.580;-0.419249;0.535312
11.590;-0.439932;0.537564
11.600;-0.461195;0.538502
11.610;-0.482646;0.538423
11.620;-0.503948;0.537919
11.630;-0.524906;0.537840
11.640;-0.545457;0.539226
11.650;-0.565571;0.543179
11.660;-0.585133;0.550649
11.670;-0.603859;0.562168
11.680;-0.621291;0.577625
11.690;-0.636828;0.596206
11.700;-0.649789;0.616545
11.710;-0.659508;0.637060
11.720;-0.665462;0.656368
11.730;-0.667409;0.673627
11.740;-0.665482;0.688686
11.750;-0.660193;0.701996
11.760;-0.652346;0.714336
11.770;-0.642885;0.726476
11.780;-0.632755;0.738909
11.790;-0.622810;0.751715
11.800;-0.613787;0.764614
11.810;-0.606342;0.777140
11.820;-0.601088;0.788879
11.830;-0.598600;0.799670
11.840;-0.599366;0.809665
11.850;-0.603706;0.819228
11.860;-0.611721;0.828695
11.870;-0.623286;0.838146
11.880;-0.638109;0.847319
11.890;-0.655817;0.855718
11.900;-0.676028;0.862849
11.910;-0.698418;0.868435
11.920;-0.722763;0.872510
11.930;-0.749000;0.875385
11.940;-0.777260;0.877515
11.950;-0.807845;0.879329
11.960;-0.841140;0.881031
11.970;-0.877490;0.882474
11.980;-0.917133;0.883162
11.990;-0.960211;0.882433
12.000;-1.006847;0.879698
12.010;-1.057256;0.874628
12.020;-1.111863;0.867182
12.030;-1.171378;0.857482
12.040;-1.236734;0.845628
12.050;-1.308827;0.831562
12.060;-1.388092;0.815082
12.070;-1.474095;0.796026
12.080;-1.565306;0.774559
12.090;-1.659193;0.751413
12.100;-1.752593;0.727910
12.110;-1.842290;0.705723
12.120;-1.925610;0.686436
12.130;-2.000868;0.671106
12.140;-2.067519;0.659996
12.150;-2.126015;0.652559
12.160;-2.177447;0.647682
12.170;-2.223099;0.644057
12.180;-2.264044;0.640547
12.190;-2.300865;0.636400
12.200;-2.333537;0.631290
12.210;-2.361490;0.625232
12.220;-2.383858;0.618481
12.230;-2.399853;0.611476
12.240;-2.409202;0.604811
12.250;-2.412465;0.599162
12.260;-2.411138;0.595143
12.270;-2.407455;0.593100
12.280;-2.403954;0.592976
12.290;-2.402926;0.594318
12.300;-2.405956;0.596445
12.310;-2.413710;0.598709
12.320;-2.426026;0.600779
12.330;-2.442213;0.602805
12.340;-2.461394;0.605403
12.350;-2.482761;0.609429
12.360;-2.505649;0.615610
12.370;-2.529450;0.624173
12.380;-2.553443;0.634600
12.390;-2.576669;0.645631
12.400;-2.597926;0.655539
12.410;-2.615895;0.662559
12.420;-2.629353;0.665316
12.430;-2.637381;0.663083
12.440;-2.639502;0.655826
12.450;-2.635702;0.644065
12.460;-2.626340;0.628680
12.470;-2.611954;0.610713
12.480;-2.593080;0.591202
12.490;-2.570130;0.570995
12.500;-2.543407;0.550546
12.510;-2.513242;0.529763
12.520;-2.480201;0.508023
12.530;-2.445254;0.484384
12.540;-2.409824;0.457978
12.550;-2.375639;0.428434
12.560;-2.344406;0.396199
12.570;-2.317377;0.362597
12.580;-2.294925;0.329606
12.590;-2.276290;0.299393
12.600;-2.259614;0.273763
12.610;-2.242303;0.253697
12.620;-2.221654;0.239141
12.630;-2.195520;0.229130
12.640;-2.162807;0.222186
12.650;-2.123631;0.216800
12.660;-2.079140;0.211795
12.670;-2.031113;0.206475
12.680;-1.981491;0.200596
12.690;-1.931966;0.194254
12.700;-1.883665;0.187776
12.710;-1.837003;0.181622
12.720;-1.791690;0.176302
12.730;-1.746878;0.172282
12.740;-1.701438;0.169862
12.750;-1.654290;0.169063
12.760;-1.604743;0.169562
12.770;-1.552735;0.170738
12.780;-1.498900;0.171859
12.790;-1.444460;0.172334
12.800;-1.391011;0.171924
12.810;-1.340278;0.170792
12.820;-1.293906;0.169349
12.830;-1.253277;0.168027
12.840;-1.219363;0.167101
12.850;-1.192603;0.166643
12.860;-1.172846;0.166583
12.870;-1.159398;0.166804
12.880;-1.151180;0.167236
12.890;-1.146952;0.167962
12.900;-1.145522;0.169304
12.910;-1.145866;0.171838
12.920;-1.147152;0.176271
12.930;-1.148690;0.183187
12.940;-1.149836;0.192745
12.950;-1.149913;0.204483
12.960;-1.148161;0.217323
12.970;-1.143771;0.229803
12.980;-1.135953;0.240440
12.990;-1.124031;0.248104
13.000;-1.107527;0.252281
13.010;-1.086228;0.253136
13.020;-1.060279;0.251372
13.030;-1.030244;0.247934
13.040;-0.997098;0.243674
13.050;-0.962096;0.239100
13.060;-0.926569;0.234307
13.070;-0.891752;0.229090
13.080;-0.858734;0.223116
13.090;-0.828498;0.216069
13.100;-0.801958;0.207711
13.110;-0.779904;0.197905
13.120;-0.762847;0.186663
13.130;-0.750895;0.174186
13.140;-0.743757;0.160882
13.150;-0.740913;0.147308
13.160;-0.741862;0.134086
13.170;-0.746260;0.121812
13.180;-0.753881;0.110986
13.190;-0.764415;0.101974
13.200;-0.777249;0.094968
13.210;-0.791356;0.089945
13.220;-0.805380;0.086634
13.230;-0.817887;0.084547
13.240;-0.827670;0.083082
13.250;-0.834014;0.081676
13.260;-0.836832;0.079946
13.270;-0.836639;0.077764
13.280;-0.834370;0.075232
13.290;-0.831095;0.072566
13.300;-0.827730;0.069961
13.310;-0.824857;0.067493
13.320;-0.822730;0.065112
13.330;-0.821429;0.062679
13.340;-0.821070;0.060023
13.350;-0.821940;0.057000
13.360;-0.824490;0.053553
13.370;-0.829213;0.049783
13.380;-0.836476;0.046006
13.390;-0.846385;0.042735
13.400;-0.858743;0.040566
13.410;-0.873121;0.039958
13.420;-0.889023;0.041009
13.430;-0.906085;0.043331
13.440;-0.924202;0.046116
13.450;-0.943525;0.048398
13.460;-0.964326;0.049417
13.470;-0.986793;0.048902
13.480;-1.010835;0.047120
13.490;-1.035973;0.044658
13.500;-1.061359;0.042050
13.510;-1.085922;0.039467
13.520;-1.108623;0.036608
13.530;-1.128706;0.032828
13.540;-1.145841;0.027445
13.550;-1.160092;0.020091
13.560;-1.171746;0.010917
13.570;-1.181122;0.000564
13.580;-1.188444;-0.010116
13.590;-1.193805;-0.020390
13.600;-1.197196;-0.029880
13.610;-1.198566;-0.038589
13.620;-1.197899;-0.046758
13.630;-1.195315;-0.054669
13.640;-1.191134;-0.062489
13.650;-1.185885;-0.070221
13.660;-1.180247;-0.077742
13.670;-1.174973;-0.084871
13.680;-1.170819;-0.091416
13.690;-1.168484;-0.097192
13.700;-1.168522;-0.102007
13.710;-1.171241;-0.105666
13.720;-1.176603;-0.108006
13.730;-1.184204;-0.108966
13.740;-1.193336;-0.108621
13.750;-1.203146;-0.107154
13.760;-1.212818;-0.104764
13.770;-1.221739;-0.101560
13.780;-1.229594;-0.097537
13.790;-1.236364;-0.092647
13.800;-1.242218;-0.086962
13.810;-1.247339;-0.080815
13.820;-1.251743;-0.074806
13.830;-1.255182;-0.069678
13.840;-1.257171;-0.066120
13.850;-1.257148;-0.064589
13.860;-1.254695;-0.065203
13.870;-1.249739;-0.067741
13.880;-1.242622;-0.071751
13.890;-1.234005;-0.076734
13.900;-1.224626;-0.082303
13.910;-1.215022;-0.088238
13.920;-1.205315;-0.094425
13.930;-1.195170;-0.100793
13.940;-1.183945;-0.107309
13.950;-1.170982;-0.114028
13.960;-1.155912;-0.121133
13.970;-1.138839;-0.128904
13.980;-1.120331;-0.137628
13.990;-1.101219;-0.147509
14.000;-1.082290;-0.158606
14.010;-1.064009;-0.170810
14.020;-1.046370;-0.183835
14.030;-1.028937;-0.197228
14.040;-1.011016;-0.210455
14.050;-0.991876;-0.223061
14.060;-0.970960;-0.234880
14.070;-0.947998;-0.246156
14.080;-0.923043;-0.257474
14.090;-0.896427;-0.269516
14.100;-0.868717;-0.282747
14.110;-0.840687;-0.297184
14.120;-0.813291;-0.312318
14.130;-0.787585;-0.327224
14.140;-0.764582;-0.340799
14.150;-0.745094;-0.352055
14.160;-0.729613;-0.360360
14.170;-0.718280;-0.365547
14.180;-0.710923;-0.367880
14.190;-0.707183;-0.367901
14.200;-0.706683;-0.366253
14.210;-0.709193;-0.363481
14.220;-0.714708;-0.359887
14.230;-0.723363;-0.355445
14.240;-0.735223;-0.349850
14.250;-0.750032;-0.342680
14.260;-0.767057;-0.333619
14.270;-0.785105;-0.322623
14.280;-0.802736;-0.309985
14.290;-0.818591;-0.296255
14.300;-0.831704;-0.282068
14.310;-0.841659;-0.267952
14.320;-0.848549;-0.254178
14.330;-0.852806;-0.240725
14.340;-0.854991;-0.227348
14.350;-0.855641;-0.213727
14.360;-0.855214;-0.199605
14.370;-0.854101;-0.184880
14.380;-0.852696;-0.169622
14.390;-0.851472;-0.154044
14.400;-0.851049;-0.138441
14.410;-0.852195;-0.123103
14.420;-0.855741;-0.108229
14.430;-0.862392;-0.093866
14.440;-0.872519;-0.079903
14.450;-0.885967;-0.066107
14.460;-0.902001;-0.052178
14.470;-0.919409;-0.037834
14.480;-0.936769;-0.022896
14.490;-0.952769;-0.007351
14.500;-0.966460;0.008628
14.510;-0.977352;0.024745
14.520;-0.985342;0.040724
14.530;-0.990538;0.056457
14.540;-0.993082;0.072068
14.550;-0.993047;0.087815
14.560;-0.990446;0.103898
14.570;-0.985356;0.120262
14.580;-0.978065;0.136521
14.590;-0.969162;0.152040
14.600;-0.959520;0.166130
14.610;-0.950166;0.178244
14.620;-0.942111;0.188127
14.630;-0.936207;0.195915
14.640;-0.933055;0.202174
14.650;-0.932977;0.207874
14.660;-0.936031;0.214211
14.670;-0.942060;0.222320
14.680;-0.950748;0.232942
14.690;-0.961670;0.246193
14.700;-0.974325;0.261572
14.710;-0.988149;0.278182
14.720;-1.002553;0.295083
14.730;-1.016981;0.311642
14.740;-1.030995;0.327753
14.750;-1.044343;0.343846
14.760;-1.056947;0.360701
14.770;-1.068807;0.379153
14.780;-1.079878;0.399812
14.790;-1.090001;0.422913
14.800;-1.098910;0.448292
14.810;-1.106307;0.475452
14.820;-1.111935;0.503647
14.830;-1.115654;0.531961
14.840;-1.117494;0.559391
14.850;-1.117724;0.584959
14.860;-1.116891;0.607854
14.870;-1.115816;0.627579
14.880;-1.115481;0.644069
14.890;-1.116829;0.657731
14.900;-1.120517;0.669370
14.910;-1.126729;0.680003
14.920;-1.135128;0.690603
14.930;-1.144983;0.701894
14.940;-1.155428;0.714242
14.950;-1.165744;0.727675
14.960;-1.175560;0.741978
14.970;-1.184875;0.756822
14.980;-1.193933;0.771892
14.990;-1.203048;0.786993
15.000;-1.212468;0.802096
15.010;-1.222299;0.817325
15.020;-1.232482;0.832895
15.030;-1.242776;0.849065
15.040;-1.252767;0.866090
15.050;-1.261920;0.884186
15.060;-1.269694;0.903479
15.070;-1.275688;0.923950
15.080;-1.279748;0.945418
15.090;-1.281949;0.967604
15.100;-1.282469;0.990192
15.110;-1.281394;1.012869
15.120;-1.278548;1.035270
15.130;-1.273436;1.056900
15.140;-1.265327;1.077087
15.150;-1.253456;1.095036
15.160;-1.237282;1.109999
15.170;-1.216674;1.121498
15.180;-1.191939;1.129517
15.190;-1.163695;1.134550
15.200;-1.132653;1.137465
15.210;-1.099441;1.139210
15.220;-1.064539;1.140493
15.230;-1.028353;1.141602
15.240;-0.991353;1.142406
15.250;-0.954196;1.142531
15.260;-0.917787;1.141567
15.270;-0.883231;1.139216
15.280;-0.851702;1.135325
15.290;-0.824258;1.129838
15.300;-0.801654;1.122715
15.310;-0.784241;1.113875
15.320;-0.771976;1.103159
15.330;-0.764517;1.090343
15.340;-0.761358;1.075193
15.350;-0.761967;1.057541
15.360;-0.765901;1.037320
15.370;-0.772912;1.014520
15.380;-0.783016;0.989104
15.390;-0.796456;0.960972
15.400;-0.813548;0.930034
15.410;-0.834412;0.896382
15.420;-0.858702;0.860444
15.430;-0.885471;0.823023
15.440;-0.913224;0.785154
15.450;-0.940167;0.747813
15.460;-0.964542;0.711581
15.470;-0.984953;0.676451
15.480;-1.000579;0.641839
15.490;-1.011247;0.606811
15.500;-1.017364;0.570367
15.510;-1.019754;0.531686
15.520;-1.019457;0.490268
15.530;-1.017529;0.446012
15.540;-1.014888;0.399260
15.550;-1.012193;0.350807
15.560;-1.009791;0.301822
15.570;-1.007733;0.253658
15.580;-1.005897;0.207555
15.590;-1.004172;0.164338
15.600;-1.002620;0.124201
15.610;-1.001528;0.086690
15.620;-1.001336;0.050858
15.630;-1.002481;0.015590
15.640;-1.005255;-0.020014
15.650;-1.009736;-0.056280
15.660;-1.015805;-0.092790
15.670;-1.023204;-0.128437
15.680;-1.031602;-0.161703
15.690;-1.040641;-0.191041
15.700;-1.050004;-0.215257
15.710;-1.059487;-0.233771
15.720;-1.069070;-0.246726
15.730;-1.078909;-0.254894
15.740;-1.089254;-0.259457
15.750;-1.100302;-0.261735
15.760;-1.112090;-0.262976
15.770;-1.124472;-0.264226
15.780;-1.137199;-0.266249
15.790;-1.150054;-0.269491
15.800;-1.163000;-0.274098
15.810;-1.176294;-0.279999
15.820;-1.190505;-0.287059
15.830;-1.206454;-0.295226
15.840;-1.225096;-0.304615
15.850;-1.247388;-0.315482
15.860;-1.274148;-0.328079
15.870;-1.305895;-0.342413
15.880;-1.342689;-0.358011
15.890;-1.384046;-0.373798
15.900;-1.428957;-0.388172
15.910;-1.476045;-0.399306
15.920;-1.523801;-0.405598
15.930;-1.570840;-0.406117
15.940;-1.616069;-0.400867
15.950;-1.658695;-0.390769
15.960;-1.698091;-0.377356
15.970;-1.733611;-0.362329
15.980;-1.764431;-0.347102
15.990;-1.789491;-0.332491
16.000;-1.807525;-0.318635
16.010;-1.817182;-0.305133
16.020;-1.817203;-0.291372
16.030;-1.806634;-0.276892
16.040;-1.785037;-0.261667
16.050;-1.752641;-0.246189
16.060;-1.710412;-0.231378
16.070;-1.660002;-0.218348
16.080;-1.603606;-0.208113
16.090;-1.543772;-0.201279
16.100;-1.483212;-0.197784
16.110;-1.424603;-0.196806
16.120;-1.370396;-0.196900
16.130;-1.322644;-0.196381
16.140;-1.282870;-0.193839
16.150;-1.251995;-0.188554
16.160;-1.230313;-0.180653
16.170;-1.217481;-0.170924
16.180;-1.212531;-0.160413
16.190;-1.213929;-0.149977
16.200;-1.219669;-0.139999
16.210;-1.227402;-0.130346
16.220;-1.234594;-0.120550
16.230;-1.238738;-0.110102
16.240;-1.237626;-0.098729
16.250;-1.229657;-0.086517
16.260;-1.214068;-0.073851
16.270;-1.191006;-0.061222
16.280;-1.161402;-0.049022
16.290;-1.126710;-0.037479
16.300;-1.088587;-0.026742
16.310;-1.048632;-0.017017
16.320;-1.008196;-0.008591
16.330;-0.968306;-0.001688
16.340;-0.929701;0.003799
16.350;-0.892927;0.008493
16.360;-0.858455;0.013554
16.370;-0.826739;0.020464
16.380;-0.798191;0.030678
16.390;-0.773091;0.045277
16.400;-0.751485;0.064746
16.410;-0.733133;0.088983
16.420;-0.717519;0.117465
16.430;-0.703906;0.149475
16.440;-0.691431;0.184283
16.450;-0.679204;0.221252
16.460;-0.666417;0.259846
16.470;-0.652410;0.299598
16.480;-0.636672;0.340071
16.490;-0.618821;0.380849
16.500;-0.598544;0.421548
16.510;-0.575566;0.461803
16.520;-0.549649;0.501204
16.530;-0.520621;0.539221
16.540;-0.488419;0.575195
16.550;-0.453118;0.608449
16.560;-0.414932;0.638478
16.570;-0.374246;0.665137
16.580;-0.331693;0.688697
16.590;-0.288227;0.709742
16.600;-0.245103;0.728942
16.610;-0.203722;0.746817
16.620;-0.165404;0.763625
16.630;-0.131170;0.779402
16.640;-0.101630;0.794103
16.650;-0.076991;0.807733
16.660;-0.057186;0.820363
16.670;-0.042037;0.832024
16.680;-0.031398;0.842570
16.690;-0.025219;0.851606
16.700;-0.023539;0.858563
16.710;-0.026420;0.862893
16.720;-0.033870;0.864296
16.730;-0.045787;0.862900
16.740;-0.061914;0.859292
16.750;-0.081793;0.854356
16.760;-0.104712;0.848979
16.770;-0.129682;0.843736
16.780;-0.155477;0.838756
16.790;-0.180764;0.833812
16.800;-0.204259;0.828595
16.810;-0.224863;0.822989
16.820;-0.241750;0.817173
16.830;-0.254402;0.811548
16.840;-0.262591;0.806569
16.850;-0.266326;0.802608
16.860;-0.265769;0.799911
16.870;-0.261174;0.798625
16.880;-0.252862;0.798859
16.890;-0.241227;0.800710
16.900;-0.226763;0.804248
16.910;-0.210085;0.809462
16.920;-0.191927;0.816222
16.930;-0.173100;0.824308
16.940;-0.154426;0.833480
16.950;-0.136657;0.843524
16.960;-0.120399;0.854234
16.970;-0.106072;0.865340
16.980;-0.093901;0.876470
16.990;-0.083962;0.887197
17.000;-0.076248;0.897175
17.010;-0.070736;0.906275
17.020;-0.067409;0.914609
17.030;-0.066229;0.922413
17.040;-0.067075;0.929854
17.050;-0.069698;0.936893
17.060;-0.073741;0.943284
17.070;-0.078834;0.948716
17.080;-0.084700;0.953016
17.090;-0.091236;0.956297
17.100;-0.098534;0.958992
17.110;-0.106844;0.961760
17.120;-0.116497;0.965306
17.130;-0.127779;0.970141
17.140;-0.140803;0.976347
17.150;-0.155409;0.983434
17.160;-0.171162;0.990377
17.170;-0.187460;0.995851
17.180;-0.203717;0.998589
17.190;-0.219571;0.997764
17.200;-0.235004;0.993218
17.210;-0.250365;0.985432
17.220;-0.266292;0.975223
17.230;-0.283607;0.963325
17.240;-0.303242;0.950054
17.250;-0.326186;0.935221
17.260;-0.353431;0.918314
17.270;-0.385867;0.898799
17.280;-0.424125;0.876411
17.290;-0.468373;0.851312
17.300;-0.518127;0.824114
17.310;-0.572158;0.795772
17.320;-0.628583;0.767420
17.330;-0.685142;0.740185
17.340;-0.739589;0.715062
17.350;-0.790062;0.692850
17.360;-0.835319;0.674126
17.370;-0.874768;0.659220
17.380;-0.908323;0.648190
17.390;-0.936159;0.640791
17.400;-0.958476;0.636469
17.410;-0.975373;0.634400
17.420;-0.986869;0.633564
17.430;-0.993055;0.632868
17.440;-0.994272;0.631292
17.450;-0.991210;0.628027
17.460;-0.984889;0.622594
17.470;-0.976549;0.614907
17.480;-0.967499;0.605267
17.490;-0.959011;0.594229
17.500;-0.952274;0.582397
17.510;-0.948409;0.570215
17.520;-0.948482;0.557869
17.530;-0.953465;0.545334
17.540;-0.964117;0.532541
17.550;-0.980824;0.519537
17.560;-1.003469;0.506559
17.570;-1.031356;0.493998
17.580;-1.063274;0.482319
17.590;-1.097696;0.471968
17.600;-1.133127;0.463307
17.610;-1.168477;0.456521
17.620;-1.203340;0.451536
17.630;-1.238015;0.447995
17.640;-1.273222;0.445337
17.650;-1.309609;0.443006
17.660;-1.347259;0.440671
17.670;-1.385411;0.438370
17.680;-1.422498;0.436486
17.690;-1.456467;0.435585
17.700;-1.485226;0.436188
17.710;-1.507038;0.438590
17.720;-1.520755;0.442761
17.730;-1.525861;0.448377
17.740;-1.522375;0.454938
17.750;-1.510717;0.461946
17.760;-1.491562;0.469092
17.770;-1.465711;0.476353
17.780;-1.433953;0.483960
17.790;-1.396985;0.492248
17.800;-1.355441;0.501485
17.810;-1.310038;0.511766
17.820;-1.261777;0.523021
17.830;-1.212059;0.535101
17.840;-1.162609;0.547888
17.850;-1.115204;0.561356
17.860;-1.071284;0.575539
17.870;-1.031601;0.590418
17.880;-0.996029;0.605799
17.890;-0.963615;0.621274
17.900;-0.932859;0.636315
17.910;-0.902177;0.650459
17.920;-0.870371;0.663482
17.930;-0.836965;0.675451
17.940;-0.802287;0.686646
17.950;-0.767279;0.697393
17.960;-0.733122;0.707891
17.970;-0.700835;0.718115
17.980;-0.670976;0.727815
17.990;-0.643564;0.736614
18.000;-0.618210;0.744168
18.010;-0.594408;0.750317
18.020;-0.571835;0.755147
18.030;-0.550592;0.758918
18.040;-0.531266;0.761896
18.050;-0.514806;0.764195
18.060;-0.502223;0.765742
18.070;-0.494249;0.766370
18.080;-0.491085;0.765966
18.090;-0.492353;0.764562
18.100;-0.497275;0.762300
18.110;-0.504963;0.759313
18.120;-0.514670;0.755618
18.130;-0.525877;0.751109
18.140;-0.538196;0.745652
18.150;-0.551165;0.739234
18.160;-0.564047;0.732086
18.170;-0.575765;0.724705
18.180;-0.584996;0.717793
18.190;-0.590429;0.712114
18.200;-0.591078;0.708339
18.210;-0.586522;0.706920
18.220;-0.577001;0.708026
18.230;-0.563317;0.711572
18.240;-0.546602;0.717320
18.250;-0.528025;0.725031
18.260;-0.508513;0.734566
18.270;-0.488573;0.745915
18.280;-0.468282;0.759115
18.290;-0.447432;0.774130
18.300;-0.425796;0.790742
18.310;-0.403345;0.808551
18.320;-0.380356;0.827031
18.330;-0.357347;0.845619
18.340;-0.334900;0.863774
18.350;-0.313471;0.880978
18.360;-0.293283;0.896739
18.370;-0.274348;0.910617
18.380;-0.256623;0.922287
18.390;-0.240222;0.931607
18.400;-0.225557;0.938640
18.410;-0.213340;0.943605
18.420;-0.204400;0.946765
18.430;-0.199435;0.948320
18.440;-0.198828;0.948374
18.450;-0.202604;0.947000
18.460;-0.210546;0.944378
18.470;-0.222366;0.940884
18.480;-0.237827;0.937069
18.490;-0.256736;0.933528
18.500;-0.278855;0.930754
18.510;-0.303792;0.929036
18.520;-0.330956;0.928447
18.530;-0.359595;0.928868
18.540;-0.388865;0.930050
18.550;-0.417908;0.931666
18.560;-0.445903;0.933377
18.570;-0.472095;0.934897
18.580;-0.495802;0.936054
18.590;-0.516392;0.936845
18.600;-0.533265;0.937458
18.610;-0.545843;0.938237
18.620;-0.553619;0.939589
18.630;-0.556249;0.941854
18.640;-0.553679;0.945217
18.650;-0.546251;0.949726
18.660;-0.534741;0.955394
18.670;-0.520297;0.962320
18.680;-0.504281;0.970738
18.690;-0.488048;0.980984
18.700;-0.472729;0.993390
18.710;-0.459082;1.008158
18.720;-0.447419;1.025245
18.730;-0.437616;1.044302
18.740;-0.429181;1.064685
18.750;-0.421409;1.085537
18.760;-0.413598;1.105942
18.770;-0.405285;1.125086
18.780;-0.396364;1.142411
18.790;-0.387024;1.157650
18.800;-0.377543;1.170768
18.810;-0.368036;1.181822
18.820;-0.358296;1.190853
18.830;-0.347760;1.197877
18.840;-0.335615;1.202992
18.850;-0.320945;1.206500
18.860;-0.302869;1.208966
18.870;-0.280623;1.211137
18.880;-0.253621;1.213757
18.890;-0.221526;1.217355
18.900;-0.184343;1.222119
18.910;-0.142480;1.227912
18.920;-0.096757;1.234414
18.930;-0.048322;1.241289
18.940;0.001483;1.248305
18.950;0.051294;1.255354
18.960;0.099889;1.262385
18.970;0.146344;1.269255
18.980;0.190134;1.275609
18.990;0.231154;1.280846
19.000;0.269626;1.284222
19.010;0.305929;1.285026
19.020;0.340420;1.282731
19.030;0.373321;1.277067
19.040;0.404714;1.268025
19.050;0.434615;1.255769
19.060;0.463099;1.240503
19.070;0.490383;1.222335
19.080;0.516819;1.201175
19.090;0.542804;1.176719
19.100;0.568629;1.148494
19.110;0.594367;1.115994
19.120;0.619843;1.078872
19.130;0.644693;1.037140
19.140;0.668473;0.991294
19.150;0.690757;0.942296
19.160;0.711154;0.891410
19.170;0.729253;0.839943
19.180;0.744552;0.788974
19.190;0.756403;0.739150
19.200;0.764011;0.690574
19.210;0.766487;0.642795
19.220;0.762989;0.594902
19.230;0.752908;0.545725
19.240;0.736071;0.494135
19.250;0.712844;0.439346
19.260;0.684079;0.381117
19.270;0.650934;0.319786
19.280;0.614616;0.256134
19.290;0.576182;0.191167
19.300;0.536432;0.125909
19.310;0.495932;0.061245
19.320;0.455082;-0.002116
19.330;0.414186;-0.063567
19.340;0.373497;-0.122459
19.350;0.333269;-0.177963
19.360;0.293818;-0.229048
19.370;0.255556;-0.274602
19.380;0.218983;-0.313699
19.390;0.184604;-0.345896
19.400;0.152854;-0.371459
19.410;0.124014;-0.391387
19.420;0.098139;-0.407190
19.430;0.074986;-0.420479
19.440;0.053966;-0.432552
19.450;0.034153;-0.444129
19.460;0.014407;-0.455329
19.470;-0.006439;-0.465849
19.480;-0.029386;-0.475268
19.490;-0.055156;-0.483352
19.500;-0.084200;-0.490254
19.510;-0.116797;-0.496536
19.520;-0.153178;-0.502961
19.530;-0.193586;-0.510139
19.540;-0.238248;-0.518163
19.550;-0.287269;-0.526401
19.560;-0.340491;-0.533527
19.570;-0.397365;-0.537797
19.580;-0.456879;-0.537499
19.590;-0.517568;-0.531453
19.600;-0.577633;-0.519391
19.610;-0.635150;-0.502077
19.620;-0.688335;-0.481097
19.630;-0.735795;-0.458414
19.640;-0.776683;-0.435873
19.650;-0.810732;-0.414857
19.660;-0.838159;-0.396172
19.670;-0.859502;-0.380151
19.680;-0.875420;-0.366846
19.690;-0.886530;-0.356181
19.700;-0.893319;-0.348001
19.710;-0.896183;-0.342041
19.720;-0.895561;-0.337900
19.730;-0.892106;-0.335099
19.740;-0.886816;-0.333194
19.750;-0.881090;-0.331858
19.760;-0.876674;-0.330870
19.770;-0.875474;-0.330022
19.780;-0.879261;-0.329024
19.790;-0.889325;-0.327531
19.800;-0.906235;-0.325272
19.810;-0.929795;-0.322212
19.820;-0.959247;-0.318606
19.830;-0.993592;-0.314866
19.840;-1.031891;-0.311278
19.850;-1.073397;-0.307693
19.860;-1.117515;-0.303344
19.870;-1.163660;-0.296907
19.880;-1.211120;-0.286820
19.890;-1.259013;-0.271738
19.900;-1.306345;-0.250962
19.910;-1.352119;-0.224678
19.920;-1.395425;-0.193913
19.930;-1.435467;-0.160259
19.940;-1.471555;-0.125484
19.950;-1.503125;-0.091184
19.960;-1.529820;-0.058567
19.970;-1.551580;-0.028395
19.980;-1.568684;-0.001058
19.990;-1.581707;0.023287
20.000;-1.591410;0.044583
20.010;-1.598608;0.062808
20.020;-1.604047;0.078019
20.030;-1.608353;0.090454
20.040;-1.612067;0.100636
20.050;-1.615741;0.109401
20.060;-1.620008;0.117825
20.070;-1.625547;0.127076
20.080;-1.632940;0.138214
20.090;-1.642504;0.152008
20.100;-1.654169;0.168808
20.110;-1.667460;0.188514
20.120;-1.681581;0.210652
20.130;-1.695590;0.234496
20.140;-1.708621;0.259219
20.150;-1.720087;0.284010
20.160;-1.729786;0.308173
20.170;-1.737874;0.331173
20.180;-1.744712;0.352656
20.190;-1.750655;0.372464
20.200;-1.755866;0.390685
20.210;-1.760185;0.407722
20.220;-1.763082;0.424362
20.230;-1.763645;0.441740
20.240;-1.760623;0.461184
20.250;-1.752517;0.483984
20.260;-1.737756;0.511184
20.270;-1.714919;0.543445
20.280;-1.682968;0.580968
20.290;-1.641385;0.623470
20.300;-1.590183;0.670231
20.310;-1.529828;0.720219
20.320;-1.461132;0.772307
20.330;-1.385190;0.825475
20.340;-1.303361;0.878938
20.350;-1.217247;0.932147
20.360;-1.128665;0.984682
20.370;-1.039573;1.036104
20.380;-0.951990;1.085857
20.390;-0.867890;1.133264
20.400;-0.789109;1.177640
20.410;-0.717224;1.218463
20.420;-0.653447;1.255499
20.430;-0.598540;1.288819
20.440;-0.552814;1.318685
20.450;-0.516232;1.345339
20.460;-0.488568;1.368793
20.470;-0.469540;1.388724
20.480;-0.458838;1.404553
20.490;-0.456029;1.415693
20.500;-0.460424;1.421840
20.510;-0.470969;1.423195
20.520;-0.486231;1.420498
20.530;-0.504472;1.414914
20.540;-0.523803;1.407819
20.550;-0.542377;1.400603
20.560;-0.558582;1.394507
20.570;-0.571171;1.390493
20.580;-0.579339;1.389179
20.590;-0.582715;1.390818
20.600;-0.581322;1.395325
20.610;-0.575491;1.402326
20.620;-0.565753;1.411228
20.630;-0.552713;1.421339
20.640;-0.536969;1.432044
20.650;-0.519088;1.442977
20.660;-0.499618;1.454137
20.670;-0.479087;1.465856
20.680;-0.457962;1.478612
20.690;-0.436611;1.492783
20.700;-0.415324;1.508448
20.710;-0.394390;1.525380
20.720;-0.374158;1.543211
20.730;-0.355000;1.561656
20.740;-0.337190;1.580657
20.750;-0.320790;1.600387
20.760;-0.305634;1.621115
20.770;-0.291444;1.643046
20.780;-0.277989;1.666209
20.790;-0.265199;1.690439
20.800;-0.253191;1.715455
20.810;-0.242210;1.740964
20.820;-0.232530;1.766714
20.830;-0.224366;1.792484
20.840;-0.217851;1.818001
20.850;-0.213070;1.842871
20.860;-0.210140;1.866560
20.870;-0.209258;1.888440
20.880;-0.210678;1.907868
20.890;-0.214618;1.924273
20.900;-0.221151;1.937268
20.910;-0.230120;1.946771
20.920;-0.241109;1.953078
20.930;-0.253479;1.956836
20.940;-0.266425;1.958876
20.950;-0.279048;1.959975
20.960;-0.290425;1.960608
20.970;-0.299671;1.960810
20.980;-0.306005;1.960201
20.990;-0.308835;1.958191
21.000;-0.307818;1.954267
21.010;-0.302899;1.948244
21.020;-0.294274;1.940339
21.030;-0.282297;1.931076
21.040;-0.267336;1.921085
21.050;-0.249649;1.910926
21.060;-0.229323;1.901004
21.070;-0.206342;1.891587
21.080;-0.180748;1.882869
21.090;-0.152798;1.875042
21.100;-0.123035;1.868319
21.110;-0.092219;1.862874
21.120;-0.061138;1.858675
21.130;-0.030362;1.855286
21.140;-0.000057;1.851788
21.150;0.030016;1.846924
21.160;0.060309;1.839452
21.170;0.091168;1.828513
21.180;0.122544;1.813833
21.190;0.153848;1.795688
21.200;0.183987;1.774725
21.210;0.211581;1.751777
21.220;0.235277;1.727745
21.230;0.254091;1.703512
21.240;0.267648;1.679852
21.250;0.276257;1.657335
21.260;0.280820;1.636263
21.270;0.282642;1.616632
21.280;0.283230;1.598171
21.290;0.284112;1.580443
21.300;0.286700;1.563019
21.310;0.292160;1.545629
21.320;0.301281;1.528227
21.330;0.314354;1.510925
21.340;0.331126;1.493847
21.350;0.350898;1.477002
21.360;0.372770;1.460243
21.370;0.395913;1.443341
21.380;0.419732;1.426141
21.390;0.443855;1.408723
21.400;0.467987;1.391494
21.410;0.491740;1.375159
21.420;0.514527;1.360560
21.430;0.535571;1.348423
21.440;0.553978;1.339106
21.450;0.568856;1.332443
21.460;0.579415;1.327760
21.470;0.585057;1.324040
21.480;0.585458;1.320176
21.490;0.580624;1.315232
21.500;0.570912;1.308602
21.510;0.556982;1.300049
21.520;0.539688;1.289653
21.530;0.519932;1.277709
21.540;0.498496;1.264635
21.550;0.475910;1.250901
21.560;0.452401;1.237011
21.570;0.427966;1.223496
21.580;0.402583;1.210906
21.590;0.376506;1.199767
21.600;0.350510;1.190551
21.610;0.325963;1.183662
21.620;0.304664;1.179455
21.630;0.288521;1.178257
21.640;0.279192;1.180325
21.650;0.277806;1.185740
21.660;0.284821;1.194275
21.670;0.300023;1.205313
21.680;0.322638;1.217913
21.690;0.351549;1.231032
21.700;0.385542;1.243820
21.710;0.423535;1.255876
21.720;0.464693;1.267328
21.730;0.508416;1.278722
21.740;0.554179;1.290750
21.750;0.601310;1.303912
21.760;0.648807;1.318257
21.770;0.695290;1.333296
21.780;0.739107;1.348123
21.790;0.778525;1.361680
21.800;0.811945;1.373074
21.810;0.838088;1.381840
21.820;0.856119;1.388089
21.830;0.865720;1.392499
21.840;0.867130;1.396137
21.850;0.861156;1.400189
21.860;0.849144;1.405645
21.870;0.832876;1.413053
21.880;0.814357;1.422381
21.890;0.795513;1.433018
21.900;0.777849;1.443908
21.910;0.762205;1.453769
21.920;0.748683;1.461337
21.930;0.736781;1.465627
21.940;0.725667;1.466172
21.950;0.714506;1.463184
21.960;0.702747;1.457524
21.970;0.690307;1.450462
21.980;0.677597;1.443292
21.990;0.665388;1.436994
22.000;0.654584;1.432068
22.010;0.645946;1.428586
22.020;0.639865;1.426378
22.030;0.636236;1.425251
22.040;0.634504;1.425150
22.050;0.633886;1.426190
22.060;0.633693;1.428539
22.070;0.633616;1.432227
22.080;0.633844;1.436971
22.090;0.634983;1.442137
22.100;0.637814;1.446864
22.110;0.643008;1.450318
22.120;0.650931;1.451975
22.130;0.661619;1.451810
22.140;0.674935;1.450341
22.150;0.690803;1.448522
22.160;0.709352;1.447559
22.170;0.730895;1.448666
22.180;0.755719;1.452809
22.190;0.783831;1.460499
22.200;0.814767;1.471690
22.210;0.847568;1.485829
22.220;0.880909;1.502020
22.230;0.913297;1.519266
22.240;0.943248;1.536700
22.250;0.969423;1.553712
22.260;0.990729;1.569964
22.270;1.006397;1.585329
22.280;1.016067;1.599802
22.290;1.019826;1.613430
22.300;1.018159;1.626246
22.310;1.011798;1.638208
22.320;1.001520;1.649148
22.330;0.987986;1.658750
22.340;0.971688;1.666547
22.350;0.953017;1.671951
22.360;0.932387;1.674321
22.370;0.910335;1.673089
22.380;0.887531;1.667936
22.390;0.864712;1.658956
22.400;0.842585;1.646748
22.410;0.821766;1.632346
22.420;0.802783;1.616996
22.430;0.786134;1.601853
22.440;0.772329;1.587699
22.450;0.761877;1.574785
22.460;0.755161;1.562831
22.470;0.752268;1.551197
22.480;0.752845;1.539146
22.490;0.756079;1.526119
22.500;0.760800;1.511920
22.510;0.765680;1.496796
22.520;0.769457;1.481377
22.530;0.771121;1.466499
22.540;0.770041;1.452938
22.550;0.765988;1.441142
22.560;0.759041;1.431079
22.570;0.749409;1.422270
22.580;0.737247;1.414008
22.590;0.722558;1.405629
22.600;0.705211;1.396685
22.610;0.685072;1.386949
22.620;0.662137;1.376284
22.630;0.636572;1.364503
22.640;0.608610;1.351320
22.650;0.578377;1.336412
22.660;0.545738;1.319524
22.670;0.510246;1.300517
22.680;0.471221;1.279331
22.690;0.427902;1.255927
22.700;0.379632;1.230291
22.710;0.326001;1.202558
22.720;0.266947;1.173191
22.730;0.202796;1.143070
22.740;0.134269;1.113429
22.750;0.062499;1.085614
22.760;-0.010973;1.060814
22.770;-0.084244;1.039844
22.780;-0.155198;1.023078
22.790;-0.221770;1.010497
22.800;-0.282293;1.001776
22.810;-0.335776;0.996384
22.820;-0.382030;0.993653
22.830;-0.421588;0.992867
22.840;-0.455454;0.993360
22.850;-0.484790;0.994583
22.860;-0.510652;0.996108
22.870;-0.533865;0.997559
22.880;-0.555078;0.998511
22.890;-0.574937;0.998444
22.900;-0.594279;0.996789
22.910;-0.614221;0.993088
22.920;-0.636077;0.987163
22.930;-0.661112;0.979217
22.940;-0.690253;0.969752
22.950;-0.723902;0.959374
22.960;-0.761941;0.948567
22.970;-0.803925;0.937577
22.980;-0.849330;0.926444
22.990;-0.897756;0.915122
23.000;-0.948973;0.903587
23.010;-1.002814;0.891861
23.020;-1.058974;0.880019
23.030;-1.116797;0.868220
23.040;-1.175128;0.856800
23.050;-1.232292;0.846324
23.060;-1.286216;0.837503
23.070;-1.334711;0.830967
23.080;-1.375829;0.826999
23.090;-1.408194;0.825382
23.100;-1.431186;0.825419
23.110;-1.444921;0.826139
23.120;-1.450067;0.826578
23.130;-1.447594;0.826039
23.140;-1.438581;0.824250
23.150;-1.424135;0.821345
23.160;-1.405426;0.817726
23.170;-1.383744;0.813855
23.180;-1.360475;0.810086
23.190;-1.336944;0.806570
23.200;-1.314116;0.803264
23.210;-1.292267;0.799988
23.220;-1.270750;0.796509
23.230;-1.248038;0.792630
23.240;-1.222076;0.788259
23.250;-1.190868;0.783452
23.260;-1.153047;0.778391
23.270;-1.108211;0.773334
23.280;-1.056888;0.768545
23.290;-1.000226;0.764260
23.300;-0.939543;0.760700
23.310;-0.875937;0.758105
23.320;-0.810076;0.756759
23.330;-0.742221;0.756967
23.340;-0.672447;0.758978
23.350;-0.600935;0.762893
23.360;-0.528177;0.768592
23.370;-0.454993;0.775726
23.380;-0.382389;0.783777
23.390;-0.311353;0.792181
23.400;-0.242727;0.800478
23.410;-0.177182;0.808449
23.420;-0.115241;0.816194
23.430;-0.057295;0.824096
23.440;-0.003575;0.832738
23.450;0.045836;0.842792
23.460;0.090939;0.854921
23.470;0.131724;0.869691
23.480;0.168134;0.887460
23.490;0.200121;0.908277
23.500;0.227768;0.931846
23.510;0.251398;0.957608
23.520;0.271612;0.984907
23.530;0.289238;1.013169
23.540;0.305226;1.042007
23.550;0.320538;1.071244
23.560;0.336065;1.100859
23.570;0.352569;1.130929
23.580;0.370654;1.161552
23.590;0.390755;1.192803
23.600;0.413138;1.224726
23.610;0.437928;1.257382
23.620;0.465131;1.290912
23.630;0.494687;1.325563
23.640;0.526537;1.361618
23.650;0.560701;1.399235
23.660;0.597337;1.438290
23.670;0.636732;1.478274
23.680;0.679179;1.518300
23.690;0.724767;1.557181
23.700;0.773143;1.593602
23.710;0.823372;1.626328
23.720;0.873960;1.654428
23.730;0.923062;1.677419
23.740;0.968796;1.695340
23.750;1.009551;1.708726
23.760;1.044190;1.718488
23.770;1.072105;1.725680
23.780;1.093141;1.731231
23.790;1.107445;1.735749
23.800;1.115325;1.739457
23.810;1.117157;1.742259
23.820;1.113368;1.743870
23.830;1.104464;1.743932
23.840;1.091040;1.742111
23.850;1.073754;1.738165
23.860;1.053242;1.732022
23.870;1.030002;1.723837
23.880;1.004306;1.714013
23.890;0.976198;1.703123
23.900;0.945551;1.691764
23.910;0.912158;1.680398
23.920;0.875753;1.669251
23.930;0.835982;1.658319
23.940;0.792343;1.647465
23.950;0.744196;1.636550
23.960;0.690880;1.625574
23.970;0.631922;1.614777
23.980;0.567235;1.604688
23.990;0.497252;1.596103
24.000;0.422939;1.590003
24.010;0.345728;1.587439
24.020;0.267413;1.589430
24.030;0.190004;1.596838
24.040;0.115539;1.610240
24.050;0.045819;1.629787
24.060;-0.017893;1.655133
24.070;-0.075121;1.685459
24.080;-0.126251;1.719598
24.090;-0.172402;1.756203
24.100;-0.215117;1.793902
24.110;-0.255993;1.831387
24.120;-0.296369;1.867445
24.130;-0.337158;1.900978
24.140;-0.378862;1.931049
24.150;-0.421691;1.956940
24.160;-0.465678;1.978180
24.170;-0.510712;1.994508
24.180;-0.556499;2.005788
24.190;-0.602535;2.011925
24.200;-0.648152;2.012829
24.210;-0.692652;2.008460
24.220;-0.735465;1.998947
24.230;-0.776269;1.984749
24.240;-0.815013;1.966792
24.250;-0.851820;1.946474
24.260;-0.886823;1.925501
24.270;-0.919993;1.905617
24.280;-0.951053;1.888327
24.290;-0.979494;1.874688
24.300;-1.004694;1.865208
24.310;-1.026068;1.859835
24.320;-1.043213;1.858049
24.330;-1.055994;1.859043
24.340;-1.064604;1.861929
24.350;-1.069566;1.865911
24.360;-1.071691;1.870385
24.370;-1.071980;1.874986
24.380;-1.071486;1.879606
24.390;-1.071188;1.884400
24.400;-1.071886;1.889746
24.410;-1.074121;1.896163
24.420;-1.078113;1.904169
24.430;-1.083740;1.914129
24.440;-1.090576;1.926133
24.450;-1.097996;1.939946
24.460;-1.105338;1.955062
24.470;-1.112064;1.970850
24.480;-1.117907;1.986737
24.490;-1.122939;2.002376
24.500;-1.127556;2.017742
24.510;-1.132372;2.033145
24.520;-1.138041;2.049165
24.530;-1.145057;2.066487
24.540;-1.153614;2.085661
24.550;-1.163588;2.106843
24.560;-1.174646;2.129639
24.570;-1.186424;2.153141
24.580;-1.198638;2.176156
24.590;-1.211070;2.197520
24.600;-1.223418;2.216365
24.610;-1.235108;2.232241
24.620;-1.245188;2.245096
24.630;-1.252369;2.255154
24.640;-1.255239;2.262772
24.650;-1.252563;2.268342
24.660;-1.243571;2.272257
24.670;-1.228114;2.274932
24.680;-1.206656;2.276847
24.690;-1.180104;2.278505
24.700;-1.149548;2.280319
24.710;-1.115997;2.282481
24.720;-1.080170;2.284908
24.730;-1.042432;2.287341
24.740;-1.002888;2.289549
24.750;-0.961588;2.291529
24.760;-0.918741;2.293587
24.770;-0.874792;2.296240
24.780;-0.830280;2.299988
24.790;-0.785558;2.305071
24.800;-0.740491;2.311308
24.810;-0.694339;2.318061
24.820;-0.645879;2.324349
24.830;-0.593728;2.329057
24.840;-0.536729;2.331213
24.850;-0.474236;2.330245
24.860;-0.406247;2.326126
24.870;-0.333365;2.319379
24.880;-0.256652;2.310938
24.890;-0.177411;2.301928
24.900;-0.096967;2.293411
24.910;-0.016509;2.286182
24.920;0.062953;2.280595
24.930;0.140483;2.276456
24.940;0.215035;2.272971
24.950;0.285313;2.268824
24.960;0.349774;2.262376
24.970;0.406803;2.251986
24.980;0.454973;2.236384
24.990;0.493273;2.214985
25.000;0.521252;2.188053
25.010;0.539074;2.156616
25.020;0.547520;2.122131
25.030;0.547928;2.086001
25.040;0.542040;2.049174
25.050;0.531752;2.012025
25.060;0.518838;1.974560
25.070;0.504743;1.936784
25.080;0.490506;1.899002
25.090;0.476802;1.861894
25.100;0.464041;1.826376
25.110;0.452501;1.793319
25.120;0.442471;1.763239
25.130;0.434368;1.736090
25.140;0.428790;1.711254
25.150;0.426440;1.687748
25.160;0.427940;1.664594
25.170;0.433596;1.641197
25.180;0.443230;1.617554
25.190;0.456141;1.594178
25.200;0.471213;1.571787
25.210;0.487133;1.550882
25.220;0.502645;1.531427
25.230;0.516785;1.512781
25.240;0.529038;1.493883
25.250;0.539377;1.473635
25.260;0.548182;1.451255
25.270;0.556072;1.426482
25.280;0.563731;1.399563
25.290;0.571777;1.371103
25.300;0.580703;1.341881
25.310;0.590856;1.312709
25.320;0.602427;1.284337
25.330;0.615396;1.257361
25.340;0.629436;1.232152
25.350;0.643828;1.208814
25.360;0.657494;1.187204
25.370;0.669160;1.167007
25.380;0.677622;1.147832
25.390;0.682027;1.129260
25.400;0.682050;1.110849
25.410;0.677893;1.092086
25.420;0.670061;1.072363
25.430;0.658973;1.050974
25.440;0.644583;1.027156
25.450;0.626166;1.000146
25.460;0.602411;0.969248
25.470;0.571813;0.933931
25.480;0.533200;0.893954
25.490;0.486223;0.849495
25.500;0.431593;0.801209
25.510;0.371008;0.750188
25.520;0.306799;0.697815
25.530;0.241464;0.645615
25.540;0.177224;0.595122
25.550;0.115756;0.547781
25.560;0.058128;0.504823
25.570;0.004956;0.467120
25.580;-0.043326;0.435029
25.590;-0.086208;0.408293
25.600;-0.122992;0.386053
25.610;-0.152838;0.366961
25.620;-0.174927;0.349394
25.630;-0.188654;0.331727
25.640;-0.193779;0.312638
25.650;-0.190535;0.291350
25.660;-0.179681;0.267720
25.670;-0.162543;0.242134
25.680;-0.141017;0.215225
25.690;-0.117499;0.187513
25.700;-0.094708;0.159118
25.710;-0.075420;0.129660
25.720;-0.062165;0.098386
25.730;-0.056977;0.064469
25.740;-0.061223;0.027348
25.750;-0.075530;-0.013023
25.760;-0.099787;-0.056069
25.770;-0.133195;-0.100672
25.780;-0.174372;-0.145370
25.790;-0.221526;-0.188612
25.800;-0.272694;-0.229023
25.810;-0.325996;-0.265624
25.820;-0.379839;-0.297939
25.830;-0.432983;-0.325964
25.840;-0.484446;-0.349994
25.850;-0.533294;-0.370431
25.860;-0.578424;-0.387666
25.870;-0.618496;-0.402071
25.880;-0.652078;-0.414079
25.890;-0.677959;-0.424263
25.900;-0.695460;-0.433351
25.910;-0.704573;-0.442172
25.920;-0.705889;-0.451554
25.930;-0.700380;-0.462219
25.940;-0.689168;-0.474703
25.950;-0.673389;-0.489318
25.960;-0.654185;-0.506169
25.970;-0.632795;-0.525242
25.980;-0.610673;-0.546487
25.990;-0.589507;-0.569833
26.000;-0.571078;-0.595091
26.010;-0.556976;-0.621787
26.020;-0.548240;-0.649013
26.030;-0.545073;-0.675387
26.040;-0.546739;-0.699213
26.050;-0.551700;-0.718867
26.060;-0.557960;-0.733320
26.070;-0.563511;-0.742595
26.080;-0.566710;-0.747884
26.090;-0.566480;-0.751250
26.100;-0.562308;-0.755017
26.110;-0.554103;-0.761144
26.120;-0.542040;-0.770827
26.130;-0.526474;-0.784408
26.140;-0.507924;-0.801548
26.150;-0.487090;-0.821506
26.160;-0.464811;-0.843407
26.170;-0.441938;-0.866413
26.180;-0.419129;-0.889766
26.190;-0.396649;-0.912725
26.200;-0.374272;-0.934493
26.210;-0.351360;-0.954214
26.220;-0.327124;-0.971088
26.230;-0.300972;-0.984576
26.240;-0.272791;-0.994573
26.250;-0.243023;-1.001467
26.260;-0.212528;-1.006048
26.270;-0.182320;-1.009303
26.280;-0.153318;-1.012191
26.290;-0.126214;-1.015448
26.300;-0.101458;-1.019491
26.310;-0.079305;-1.024413
26.320;-0.059864;-1.030048
26.330;-0.043162;-1.036024
26.340;-0.029207;-1.041803
26.350;-0.018026;-1.046717
26.360;-0.009608;-1.050022
26.370;-0.003765;-1.050961
26.380;0.000018;-1.048829
26.390;0.002660;-1.043018
26.400;0.005403;-1.033116
26.410;0.009612;-1.019038
26.420;0.016516;-1.001166
26.430;0.026997;-0.980386
26.440;0.041517;-0.957939
26.450;0.060162;-0.935125
26.460;0.082786;-0.912962
26.470;0.109140;-0.891992
26.480;0.138972;-0.872333
26.490;0.172062;-0.853939
26.500;0.208240;-0.836861
26.510;0.247365;-0.821335
26.520;0.289277;-0.807620
26.530;0.333730;-0.795733
26.540;0.380318;-0.785256
26.550;0.428412;-0.775367
26.560;0.477120;-0.765063
26.570;0.525275;-0.753466
26.580;0.571491;-0.740049
26.590;0.614285;-0.724684
26.600;0.652221;-0.707527
26.610;0.684010;-0.688835
26.620;0.708564;-0.668798
26.630;0.725017;-0.647436
26.640;0.732774;-0.624522
26.650;0.731628;-0.599568
26.660;0.721901;-0.571871
26.670;0.704554;-0.540663
26.680;0.681155;-0.505327
26.690;0.653694;-0.465574
26.700;0.624264;-0.421487
26.710;0.594718;-0.373444
26.720;0.566414;-0.322022
26.730;0.540153;-0.267959
26.740;0.516291;-0.212221
26.750;0.494967;-0.156081
26.760;0.476314;-0.101109
26.770;0.460558;-0.048991
26.780;0.447983;-0.001189
26.790;0.438807;0.041426
26.800;0.433038;0.078780
26.810;0.430384;0.111540
26.820;0.430249;0.140840
26.830;0.431822;0.167932
26.840;0.434231;0.193917
26.850;0.436681;0.219626
26.860;0.438528;0.245662
26.870;0.439272;0.272535
26.880;0.438475;0.300778
26.890;0.435662;0.330970
26.900;0.430257;0.363645
26.910;0.421601;0.399147
26.920;0.409069;0.437509
26.930;0.392236;0.478432
26.940;0.371039;0.521364
26.950;0.345880;0.565666
26.960;0.317624;0.610782
26.970;0.287506;0.656370
26.980;0.256978;0.702329
26.990;0.227537;0.748707
27.000;0.200578;0.795508
27.010;0.177290;0.842483
27.020;0.158589;0.889018
27.030;0.145073;0.934179
27.040;0.136963;0.976876
27.050;0.134041;1.016072
27.060;0.135632;1.050973
27.070;0.140668;1.081172
27.080;0.147864;1.106738
27.090;0.155926;1.128217
27.100;0.163728;1.146517
27.110;0.170377;1.162686
27.120;0.175151;1.177669
27.130;0.177404;1.192128
27.140;0.176516;1.206412
27.150;0.171978;1.220676
27.160;0.163550;1.235066
27.170;0.151430;1.249828
27.180;0.136315;1.265228
27.190;0.119304;1.281332
27.200;0.101680;1.297795
27.210;0.084657;1.313854
27.220;0.069180;1.328598
27.230;0.055820;1.341381
27.240;0.044772;1.352164
27.250;0.035914;1.361590
27.260;0.028912;1.370738
27.270;0.023314;1.380727
27.280;0.018650;1.392325
27.290;0.014495;1.405761
27.300;0.010524;1.420751
27.310;0.006543;1.436702
27.320;0.002484;1.452992
27.330;-0.001632;1.469213
27.340;-0.005751;1.485264
27.350;-0.009838;1.501239
27.360;-0.013878;1.517169
27.370;-0.017841;1.532761
27.380;-0.021616;1.547272
27.390;-0.024977;1.559625
27.400;-0.027589;1.568728
27.410;-0.029053;1.573891
27.420;-0.028977;1.575142
27.430;-0.027075;1.573269
27.440;-0.023273;1.569557
27.450;-0.017792;1.565303
27.460;-0.011163;1.561377
27.470;-0.004147;1.558022
27.480;0.002404;1.554950
27.490;0.007704;1.551632
27.500;0.011129;1.547585
27.510;0.012268;1.542528
27.520;0.010932;1.536376
27.530;0.007164;1.529150
27.540;0.001231;1.520891
27.550;-0.006429;1.511664
27.560;-0.015315;1.501608
27.570;-0.024965;1.490968
27.580;-0.035006;1.480021
27.590;-0.045167;1.468910
27.600;-0.055260;1.457449
27.610;-0.065180;1.445039
27.620;-0.074934;1.430759
27.630;-0.084670;1.413623
27.640;-0.094695;1.392898
27.650;-0.105446;1.368350
27.660;-0.117431;1.340283
27.670;-0.131131;1.309362
27.680;-0.146942;1.276310
27.690;-0.165207;1.241617
27.700;-0.186342;1.205367
27.710;-0.210977;1.167219
27.720;-0.239978;1.126533
27.730;-0.274283;1.082636
27.740;-0.314591;1.035165
27.750;-0.361031;0.984427
27.760;-0.412921;0.931605
27.770;-0.468717;0.878720
27.780;-0.526153;0.828267
27.790;-0.582574;0.782613
27.800;-0.635394;0.743379
27.810;-0.682568;0.711059
27.820;-0.722930;0.685045
27.830;-0.756278;0.663995
27.840;-0.783181;0.646305
27.850;-0.804651;0.630477
27.860;-0.821811;0.615290
27.870;-0.835700;0.599816
27.880;-0.847225;0.583368
27.890;-0.857235;0.565462
27.900;-0.866615;0.545752
27.910;-0.876357;0.523907
27.920;-0.887565;0.499466
27.930;-0.901400;0.471743
27.940;-0.918974;0.439851
27.950;-0.941239;0.402870
27.960;-0.968899;0.360125
27.970;-1.002316;0.311526
27.980;-1.041425;0.257859
27.990;-1.085656;0.200882
28.000;-1.133937;0.143154
28.010;-1.184841;0.087587
28.020;-1.236873;0.036869
28.030;-1.288774;-0.007083
28.040;-1.339713;-0.043472
28.050;-1.389283;-0.072681
28.060;-1.437332;-0.096016
28.070;-1.483726;-0.115243
28.080;-1.528144;-0.132068
28.090;-1.569966;-0.147739
28.100;-1.608249;-0.162847
28.110;-1.641780;-0.177329
28.120;-1.669209;-0.190629
28.130;-1.689249;-0.201942
28.140;-1.700920;-0.210494
28.150;-1.703777;-0.215805
28.160;-1.698035;-0.217926
28.170;-1.684554;-0.217555
28.180;-1.664711;-0.215986
28.190;-1.640207;-0.214863
28.200;-1.612876;-0.215773
28.210;-1.584536;-0.219824
28.220;-1.556878;-0.227340
28.230;-1.531385;-0.237821
28.240;-1.509260;-0.250189
28.250;-1.491334;-0.263169
28.260;-1.477956;-0.275668
28.270;-1.468886;-0.286994
28.280;-1.463253;-0.296923
28.290;-1.459586;-0.305679
28.300;-1.455930;-0.313869
28.310;-1.450028;-0.322406
28.320;-1.439593;-0.332388
28.330;-1.422638;-0.344940
28.340;-1.397775;-0.361019
28.350;-1.364367;-0.381214
28.360;-1.322487;-0.405596
28.370;-1.272699;-0.433668
28.380;-1.215792;-0.464470
28.390;-1.152539;-0.496820
28.400;-1.083579;-0.529641
28.410;-1.009422;-0.562233
28.420;-0.930575;-0.594367
28.430;-0.847709;-0.626165
28.440;-0.761818;-0.657829
28.450;-0.674283;-0.689366
28.460;-0.586825;-0.720377
28.470;-0.501331;-0.749966
28.480;-0.419614;-0.776781
28.490;-0.343143;-0.799214
28.500;-0.272836;-0.815735
28.510;-0.208976;-0.825258
28.520;-0.151272;-0.827402
28.530;-0.099050;-0.822533
28.540;-0.051525;-0.811585
28.550;-0.008088;-0.795778
28.560;0.031468;-0.776381
28.570;0.066870;-0.754584
28.580;0.097439;-0.731461
28.590;0.122310;-0.707961
28.600;0.140705;-0.684864
28.610;0.152220;-0.662701
28.620;0.157034;-0.641671
28.630;0.156009;-0.621597
28.640;0.150638;-0.601945
28.650;0.142857;-0.581932
28.660;0.134717;-0.560712
28.670;0.128025;-0.537604
28.680;0.124063;-0.512325
28.690;0.123474;-0.485138
28.700;0.126364;-0.456860
28.710;0.132523;-0.428702
28.720;0.141655;-0.402000
28.730;0.153489;-0.377948
28.740;0.167744;-0.357464
28.750;0.184013;-0.341164
28.760;0.201671;-0.329388
28.770;0.219871;-0.322201
28.780;0.237641;-0.319387
28.790;0.254050;-0.320484
28.800;0.268357;-0.324896
28.810;0.280090;-0.332030
28.820;0.289032;-0.341376
28.830;0.295113;-0.352494
28.840;0.298269;-0.364935
28.850;0.298344;-0.378153
28.860;0.295080;-0.391494
28.870;0.288212;-0.404287
28.880;0.277630;-0.416058
28.890;0.263548;-0.426718
28.900;0.246633;-0.436617
28.910;0.228054;-0.446388
28.920;0.209425;-0.456655
28.930;0.192635;-0.467735
28.940;0.179595;-0.479490
28.950;0.171959;-0.491355
28.960;0.170868;-0.502542
28.970;0.176760;-0.512298
28.980;0.189277;-0.520105
28.990;0.207295;-0.525717
29.000;0.229111;-0.529059
29.010;0.252757;-0.530060
29.020;0.276361;-0.528525
29.030;0.298473;-0.524126
29.040;0.318273;-0.516474
29.050;0.335644;-0.505228
29.060;0.351085;-0.490158
29.070;0.365503;-0.471131
29.080;0.379930;-0.448046
29.090;0.395271;-0.420810
29.100;0.412150;-0.389360
29.110;0.430885;-0.353737
29.120;0.451554;-0.314131
29.130;0.474086;-0.270853
29.140;0.498335;-0.224268
29.150;0.524148;-0.174736
29.160;0.551390;-0.122652
29.170;0.579963;-0.068532
29.180;0.609756;-0.013069
29.190;0.640561;0.042904
29.200;0.671964;0.098523
29.210;0.703287;0.152994
29.220;0.733627;0.205627
29.230;0.761986;0.255847
29.240;0.787417;0.303224
29.250;0.809109;0.347560
29.260;0.826368;0.388993
29.270;0.838570;0.428023
29.280;0.845166;0.465449
29.290;0.845782;0.502189
29.300;0.840370;0.539056
29.310;0.829278;0.576559
29.320;0.813193;0.614794
29.330;0.792951;0.653451
29.340;0.769316;0.691922
29.350;0.742834;0.729447
29.360;0.713825;0.765266
29.370;0.682517;0.798774
29.380;0.649211;0.829643
29.390;0.614422;0.857904
29.400;0.578900;0.883945
29.410;0.543571;0.908443
29.420;0.509422;0.932281
29.430;0.477391;0.956414
29.440;0.448277;0.981700
29.450;0.422652;1.008706
29.460;0.400794;1.037556
29.470;0.382648;1.067896
29.480;0.367832;1.098982
29.490;0.355688;1.129873
29.500;0.345374;1.159655
29.510;0.336017;1.187667
29.520;0.326885;1.213670
29.530;0.317525;1.237920
29.540;0.307769;1.261131
29.550;0.297601;1.284304
29.560;0.286971;1.308457
29.570;0.275685;1.334321
29.580;0.263441;1.362133
29.590;0.250008;1.391612
29.600;0.235379;1.422161
29.610;0.219823;1.453170
29.620;0.203765;1.484303
29.630;0.187596;1.515649
29.640;0.171494;1.547688
29.650;0.155352;1.581115
29.660;0.138808;1.616577
29.670;0.121387;1.654437
29.680;0.102686;1.694630
29.690;0.082540;1.736645
29.700;0.061063;1.779640
29.710;0.038570;1.822621
29.720;0.015389;1.864646
29.730;-0.008338;1.904975
29.740;-0.032779;1.943157
29.750;-0.058404;1.979045
29.760;-0.085851;2.012756
29.770;-0.115715;2.044559
29.780;-0.148355;2.074724
29.790;-0.183780;2.103348
29.800;-0.221645;2.130216
29.810;-0.261367;2.154745
29.820;-0.302309;2.176028
29.830;-0.343980;2.193011
29.840;-0.386155;2.204752
29.850;-0.428898;2.210675
29.860;-0.472489;2.210687
29.870;-0.517296;2.205099
29.880;-0.563638;2.194396
29.890;-0.611701;2.179022
29.900;-0.661504;2.159305
29.910;-0.712935;2.135519
29.920;-0.765798;2.108007
29.930;-0.819865;2.077241
29.940;-0.874917;2.043784
29.950;-0.930735;2.008210
29.960;-0.987070;1.971048
29.970;-1.043589;1.932837
29.980;-1.099858;1.894237
29.990;-1.155390;1.856104
30.000;-1.209758;1.819425
30.010;-1.262727;1.785073
30.020;-1.314340;1.753496
30.030;-1.364916;1.724502
30.040;-1.414933;1.697289
30.050;-1.464809;1.670734
30.060;-1.514662;1.643809
30.070;-1.564129;1.615941
30.080;-1.612366;1.587208
30.090;-1.658270;1.558347
30.100;-1.700857;1.530586
30.110;-1.739652;1.505342
30.120;-1.774899;1.483834
30.130;-1.807506;1.466706
30.140;-1.838742;1.453803
30.150;-1.869829;1.444220
30.160;-1.901550;1.436613
30.170;-1.934039;1.429633
30.180;-1.966805;1.422309
30.190;-1.998946;1.414250
30.200;-2.029435;1.405655
30.210;-2.057301;1.397194
30.220;-2.081638;1.389802
30.230;-2.101455;1.384431
30.240;-2.115531;1.381770
30.250;-2.122382;1.382012
30.260;-2.120436;1.384765
30.270;-2.108359;1.389148
30.280;-2.085413;1.394060
30.290;-2.051708;1.398506
30.300;-2.008239;1.401872
30.310;-1.956718;1.404054
30.320;-1.899268;1.405409
30.330;-1.838052;1.406572
30.340;-1.774947;1.408205
30.350;-1.711339;1.410746
30.360;-1.648083;1.414218
30.370;-1.585616;1.418157
30.380;-1.524155;1.421716
30.390;-1.463875;1.423913
30.400;-1.405011;1.423928
30.410;-1.347857;1.421320
30.420;-1.292698;1.416072
30.430;-1.239728;1.408484
30.440;-1.189045;1.398989
30.450;-1.140708;1.387984
30.460;-1.094802;1.375712
30.470;-1.051431;1.362219
30.480;-1.010601;1.347384
30.490;-0.972045;1.331027
30.500;-0.935100;1.313074
30.510;-0.898711;1.293713
30.520;-0.861588;1.273505
30.530;-0.822458;1.253384
30.540;-0.780308;1.234555
30.550;-0.734500;1.218280
30.560;-0.684714;1.205636
30.570;-0.630750;1.197328
30.580;-0.572311;1.193615
30.590;-0.508917;1.194363
30.600;-0.440018;1.199178
30.610;-0.365295;1.207532
30.620;-0.284978;1.218849
30.630;-0.200040;1.232508
30.640;-0.112179;1.247829
30.650;-0.023609;1.264051
30.660;0.063271;1.280338
30.670;0.146217;1.295787
30.680;0.223401;1.309461
30.690;0.293502;1.320456
30.700;0.355621;1.328008
30.710;0.409117;1.331598
30.720;0.453483;1.330987
30.730;0.488401;1.326152
30.740;0.513915;1.317136
30.750;0.530640;1.303910
30.760;0.539841;1.286321
30.770;0.543323;1.264144
30.780;0.543152;1.237234
30.790;0.541298;1.205690
30.800;0.539308;1.169979
30.810;0.538101;1.130939
30.820;0.537935;1.089646
30.830;0.538533;1.047200
30.840;0.539302;1.004531
30.850;0.539566;0.962298
30.860;0.538737;0.920882
30.870;0.536414;0.880443
30.880;0.532391;0.840997
30.890;0.526607;0.802463
30.900;0.519041;0.764686
30.910;0.509565;0.727437
30.920;0.497799;0.690387
30.930;0.483012;0.653097
30.940;0.464116;0.615010
30.950;0.439781;0.575477
30.960;0.408612;0.533841
30.970;0.369353;0.489578
30.980;0.321083;0.442475
30.990;0.263396;0.392797
31.000;0.196554;0.341361
31.010;0.121567;0.289478
31.020;0.040158;0.238750
31.030;-0.045405;0.190770
31.040;-0.132584;0.146857
31.050;-0.218865;0.107900
31.060;-0.302009;0.074353
31.070;-0.380195;0.046296
31.080;-0.452049;0.023500
31.090;-0.516612;0.005484
31.100;-0.573304;-0.008399
31.110;-0.621897;-0.018826
31.120;-0.662487;-0.026355
31.130;-0.695434;-0.031350
31.140;-0.721284;-0.034031
31.150;-0.740724;-0.034611
31.160;-0.754586;-0.033446
31.170;-0.763903;-0.031081
31.180;-0.769955;-0.028174
31.190;-0.774244;-0.025328
31.200;-0.778372;-0.022958
31.210;-0.783844;-0.021229
31.220;-0.791850;-0.020127
31.230;-0.803111;-0.019556
31.240;-0.817828;-0.019426
31.250;-0.835778;-0.019685
31.260;-0.856489;-0.020325
31.270;-0.879433;-0.021382
31.280;-0.904148;-0.022914
31.290;-0.930258;-0.024938
31.300;-0.957391;-0.027349
31.310;-0.985058;-0.029896
31.320;-1.012556;-0.032239
31.330;-1.038953;-0.034049
31.340;-1.063105;-0.035102
31.350;-1.083713;-0.035327
31.360;-1.099377;-0.034812
31.370;-1.108696;-0.033781
31.380;-1.110421;-0.032546
31.390;-1.103661;-0.031445
31.400;-1.088049;-0.030781
31.410;-1.063807;-0.030794
31.420;-1.031652;-0.031645
31.430;-0.992575;-0.033423
31.440;-0.947579;-0.036151
31.450;-0.897501;-0.039788
31.460;-0.842959;-0.044241
31.470;-0.784473;-0.049400
31.480;-0.722653;-0.055185
31.490;-0.658384;-0.061583
31.500;-0.592915;-0.068652
31.510;-0.527835;-0.076502
31.520;-0.464943;-0.085286
31.530;-0.406061;-0.095201
31.540;-0.352855;-0.106513
31.550;-0.306701;-0.119568
31.560;-0.268626;-0.134751
31.570;-0.239298;-0.152375
31.580;-0.219057;-0.172520
31.590;-0.207947;-0.194911
31.600;-0.205737;-0.218937
31.610;-0.211905;-0.243840
31.620;-0.225578;-0.268989
31.630;-0.245472;-0.294092
31.640;-0.269870;-0.319225
31.650;-0.296711;-0.344705
31.660;-0.323791;-0.370887
31.670;-0.349069;-0.397968
31.680;-0.370977;-0.425856
31.690;-0.388622;-0.454147
31.700;-0.401784;-0.482235
31.710;-0.410724;-0.509537
31.720;-0.415902;-0.535720
31.730;-0.417746;-0.560828
31.740;-0.416516;-0.585214
31.750;-0.412295;-0.609323
31.760;-0.405040;-0.633441
31.770;-0.394685;-0.657537
31.780;-0.381277;-0.681276
31.790;-0.365101;-0.704202
31.800;-0.346738;-0.725988
31.810;-0.327003;-0.746638
31.820;-0.306744;-0.766537
31.830;-0.286597;-0.786334
31.840;-0.266818;-0.806691
31.850;-0.247322;-0.828027
31.860;-0.227951;-0.850370
31.870;-0.208823;-0.873403
31.880;-0.190588;-0.896661
31.890;-0.174434;-0.919760
31.900;-0.161858;-0.942525
31.910;-0.154303;-0.964969
31.920;-0.152810;-0.987194
31.930;-0.157821;-1.009295
31.940;-0.169203;-1.031330
31.950;-0.186464;-1.053378
31.960;-0.209056;-1.075659
31.970;-0.236615;-1.098626
31.980;-0.269036;-1.122975
31.990;-0.306344;-1.149468
32.000;-0.348421;-1.178600
32.010;-0.394676;-1.210199
32.020;-0.443835;-1.243157
32.030;-0.493950;-1.275465
32.040;-0.542656;-1.304613
32.050;-0.587600;-1.328211
32.060;-0.626909;-1.344609
32.070;-0.659554;-1.353295
32.080;-0.685500;-1.354988
32.090;-0.705575;-1.351424
32.100;-0.721110;-1.344906
32.110;-0.733518;-1.337754
32.120;-0.743958;-1.331791
32.130;-0.753209;-1.328028
32.140;-0.761705;-1.326605
32.150;-0.769670;-1.326965
32.160;-0.777257;-1.328155
32.170;-0.784648;-1.329155
32.180;-0.792111;-1.329154
32.190;-0.800010;-1.327739
32.200;-0.808752;-1.324943
32.210;-0.818708;-1.321134
32.220;-0.830116;-1.316780
32.230;-0.843008;-1.312237
32.240;-0.857187;-1.307627
32.250;-0.872244;-1.302884
32.260;-0.887611;-1.297879
32.270;-0.902610;-1.292555
32.280;-0.916514;-1.286997
32.290;-0.928632;-1.281431
32.300;-0.938418;-1.276189
32.310;-0.945571;-1.271635
32.320;-0.950056;-1.268044
32.330;-0.952038;-1.265474
32.340;-0.951736;-1.263713
32.350;-0.949262;-1.262378
32.360;-0.944528;-1.261129
32.370;-0.937292;-1.259847
32.380;-0.927321;-1.258657
32.390;-0.914613;-1.257796
32.400;-0.899558;-1.257439
32.410;-0.882986;-1.257615
32.420;-0.866086;-1.258269
32.430;-0.850214;-1.259386
32.440;-0.836622;-1.261077
32.450;-0.826178;-1.263556
32.460;-0.819204;-1.267025
32.470;-0.815490;-1.271545
32.480;-0.814483;-1.276939
32.490;-0.815564;-1.282770
32.500;-0.818264;-1.288375
32.510;-0.822339;-1.292953
32.520;-0.827682;-1.295707
32.530;-0.834155;-1.296019
32.540;-0.841416;-1.293629
32.550;-0.848835;-1.288723
32.560;-0.855525;-1.281881
32.570;-0.860497;-1.273917
32.580;-0.862895;-1.265677
32.590;-0.862218;-1.257882
32.600;-0.858448;-1.251033
32.610;-0.852024;-1.245359
32.620;-0.843672;-1.240806
32.630;-0.834163;-1.237095
32.640;-0.824110;-1.233823
32.650;-0.813850;-1.230597
32.660;-0.803469;-1.227130
32.670;-0.792924;-1.223242
32.680;-0.782212;-1.218774
32.690;-0.771510;-1.213507
32.700;-0.761233;-1.207197
32.710;-0.751987;-1.199735
32.720;-0.744469;-1.191331
32.730;-0.739358;-1.182551
32.740;-0.737255;-1.174157
32.750;-0.738632;-1.166778
32.760;-0.743792;-1.160609
32.770;-0.752789;-1.155260
32.780;-0.765369;-1.149862
32.790;-0.780951;-1.143336
32.800;-0.798682;-1.134699
32.810;-0.817562;-1.123228
32.820;-0.836622;-1.108442
32.830;-0.855109;-1.089951
32.840;-0.872626;-1.067341
32.850;-0.889165;-1.040163
32.860;-0.905027;-1.008077
32.870;-0.920680;-0.971019
32.880;-0.936620;-0.929303
32.890;-0.953272;-0.883587
32.900;-0.970960;-0.834738
32.910;-0.989899;-0.783650
32.920;-1.010186;-0.731099
32.930;-1.031771;-0.677666
32.940;-1.054436;-0.623757
32.950;-1.077825;-0.569696
32.960;-1.101558;-0.515845
32.970;-1.125375;-0.462677
32.980;-1.149240;-0.410759
32.990;-1.173325;-0.360662
33.000;-1.197881;-0.312879
33.010;-1.223066;-0.267761
33.020;-1.248794;-0.225499
33.030;-1.274676;-0.186126
33.040;-1.300060;-0.149557
33.050;-1.324139;-0.115664
33.060;-1.346108;-0.084349
33.070;-1.365353;-0.055555
33.080;-1.381596;-0.029225
33.090;-1.394979;-0.005249
33.100;-1.406008;0.016539
33.110;-1.415383;0.036309
33.120;-1.423803;0.054165
33.130;-1.431830;0.070116
33.140;-1.439868;0.084095
33.150;-1.448194;0.096054
33.160;-1.456965;0.106083
33.170;-1.466170;0.114534
33.180;-1.475550;0.122065
33.190;-1.484605;0.129562
33.200;-1.492721;0.137932
33.210;-1.499413;0.147827
33.220;-1.504572;0.159413
33.230;-1.508597;0.172311
33.240;-1.512357;0.185747
33.250;-1.516973;0.198807
33.260;-1.523501;0.210706
33.270;-1.532627;0.220956
33.280;-1.544456;0.229471
33.290;-1.558463;0.236592
33.300;-1.573594;0.243049
33.310;-1.588500;0.249817
33.320;-1.601853;0.257896
33.330;-1.612685;0.268041
33.340;-1.620646;0.280556
33.350;-1.626106;0.295217
33.360;-1.630052;0.311361
33.370;-1.633826;0.328137
33.380;-1.638766;0.344834
33.390;-1.645888;0.361199
33.400;-1.655700;0.377591
33.410;-1.668204;0.394909
33.420;-1.683085;0.414294
33.430;-1.699990;0.436719
33.440;-1.718806;0.462595
33.450;-1.739835;0.491551
33.460;-1.763798;0.522475
33.470;-1.791651;0.553810
33.480;-1.824262;0.583968
33.490;-1.862062;0.611669
33.500;-1.904774;0.636095
33.510;-1.951338;0.656888
33.520;-2.000038;0.674055
33.530;-2.048822;0.687870
33.540;-2.095724;0.698775
33.550;-2.139259;0.707293
33.560;-2.178646;0.713951
33.570;-2.213779;0.719221
33.580;-2.244928;0.723468
33.590;-2.272320;0.726894
33.600;-2.295777;0.729511
33.610;-2.314600;0.731173
33.620;-2.327742;0.731674
33.630;-2.334210;0.730866
33.640;-2.333484;0.728760
33.650;-2.325753;0.725609
33.660;-2.311866;0.721965
33.670;-2.293003;0.718687
33.680;-2.270240;0.716835
33.690;-2.244173;0.717437
33.700;-2.214739;0.721172
33.710;-2.181302;0.728107
33.720;-2.142940;0.737585
33.730;-2.098842;0.748299
33.740;-2.048638;0.758525
33.750;-1.992527;0.766448
33.760;-1.931143;0.770507
33.770;-1.865251;0.769678
33.780;-1.795433;0.763626
33.790;-1.721931;0.752688
33.800;-1.644684;0.737737
33.810;-1.563564;0.719987
33.820;-1.478690;0.700762
33.830;-1.390736;0.681262
33.840;-1.301081;0.662334
33.850;-1.211739;0.644300
33.860;-1.125027;0.626934
33.870;-1.043079;0.609607
33.880;-0.967358;0.591592
33.890;-0.898334;0.572356
33.900;-0.835442;0.551767
33.910;-0.777330;0.530132
33.920;-0.722318;0.508114
33.930;-0.668930;0.486565
33.940;-0.616295;0.466319
33.950;-0.564290;0.447978
33.960;-0.513377;0.431719
33.970;-0.464217;0.417182
33.980;-0.417271;0.403473
33.990;-0.372540;0.389335
34.000;-0.329548;0.373447
34.010;-0.287541;0.354772
34.020;-0.245768;0.332847
34.030;-0.203726;0.307915
34.040;-0.161278;0.280803
34.050;-0.118616;0.252584
34.060;-0.076155;0.224118
34.070;-0.034393;0.195676
34.080;0.006173;0.166783
34.090;0.045083;0.136371
34.100;0.081922;0.103177
34.110;0.116336;0.066279
34.120;0.148097;0.025550
34.130;0.177221;-0.018153
34.140;0.204069;-0.063162
34.150;0.229406;-0.107460
34.160;0.254348;-0.149232
34.170;0.280224;-0.187318
34.180;0.308344;-0.221421
34.190;0.339741;-0.252064
34.200;0.374978;-0.280314
34.210;0.414120;-0.307403
34.220;0.456868;-0.334350
34.230;0.502762;-0.361721
34.240;0.551335;-0.389570
34.250;0.602153;-0.417558
34.260;0.654754;-0.445192
34.270;0.708531;-0.472046
34.280;0.762606;-0.497895
34.290;0.815757;-0.522697
34.300;0.866437;-0.546440
34.310;0.912896;-0.568975
34.320;0.953376;-0.589926
34.330;0.986317;-0.608757
34.340;1.010515;-0.624944
34.350;1.025174;-0.638148
34.360;1.029873;-0.648271
34.370;1.024505;-0.655359
34.380;1.009254;-0.659430
34.390;0.984643;-0.660364
34.400;0.951659;-0.657933
34.410;0.911860;-0.651968
34.420;0.867415;-0.642559
34.430;0.820985;-0.630163
34.440;0.775453;-0.615579
34.450;0.733571;-0.599816
34.460;0.697591;-0.583922
34.470;0.669008;-0.568832
34.480;0.648469;-0.555229
34.490;0.635885;-0.543463
34.500;0.630684;-0.533519
34.510;0.632089;-0.525053
34.520;0.639324;-0.517500
34.530;0.651720;-0.510199
34.540;0.668725;-0.502492
34.550;0.689843;-0.493779
34.560;0.714511;-0.483565
34.570;0.741941;-0.471555
34.580;0.771002;-0.457785
34.590;0.800213;-0.442707
34.600;0.827859;-0.427157
34.610;0.852175;-0.412175
34.620;0.871539;-0.398726
34.630;0.884648;-0.387433
34.640;0.890683;-0.378422
34.650;0.889445;-0.371333
34.660;0.881400;-0.365466
34.670;0.867582;-0.359980
34.680;0.849357;-0.354065
34.690;0.828114;-0.347047
34.700;0.805002;-0.338433
34.710;0.780814;-0.327894
34.720;0.756042;-0.315260
34.730;0.731095;-0.300534
34.740;0.706526;-0.283949
34.750;0.683136;-0.266008
34.760;0.661868;-0.247472
34.770;0.643518;-0.229264
34.780;0.628413;-0.212295
34.790;0.616211;-0.197269
34.800;0.605923;-0.184537
34.810;0.596128;-0.174023
34.820;0.585287;-0.165231
34.830;0.572061;-0.157302
34.840;0.555536;-0.149141
34.850;0.535344;-0.139611
34.860;0.511688;-0.127780
34.870;0.485314;-0.113140
34.880;0.457408;-0.095720
34.890;0.429400;-0.076010
34.900;0.402674;-0.054719
34.910;0.378269;-0.032452
34.920;0.356664;-0.009494
34.930;0.337766;0.014181
34.940;0.321040;0.038683
34.950;0.305747;0.063905
34.960;0.291151;0.089378
34.970;0.276688;0.114382
34.980;0.262045;0.138260
34.990;0.247163;0.160758
35.000;0.232166;0.182164
35.010;0.217264;0.203202
35.020;0.202673;0.224723
35.030;0.188593;0.247368
35.040;0.175208;0.271332
35.050;0.162712;0.296275
35.060;0.151323;0.321371
35.070;0.141293;0.345480
35.080;0.132884;0.367410
35.090;0.126305;0.386210
35.100;0.121606;0.401404
35.110;0.118584;0.413085
35.120;0.116747;0.421828
35.130;0.115372;0.428462
35.140;0.113640;0.433811
35.150;0.110780;0.438479
35.160;0.106157;0.442765
35.170;0.099254;0.446686
35.180;0.089621;0.450074
35.190;0.076852;0.452704
35.200;0.060686;0.454402
35.210;0.041169;0.455101
35.220;0.018787;0.454835
35.230;-0.005588;0.453665
35.240;-0.030931;0.451548
35.250;-0.056419;0.448212
35.260;-0.081691;0.443130
35.270;-0.106906;0.435657
35.280;-0.132551;0.425320
35.290;-0.159113;0.412107
35.300;-0.186734;0.396617
35.310;-0.215007;0.379962
35.320;-0.242976;0.363428
35.330;-0.269376;0.348014
35.340;-0.293024;0.334066
35.350;-0.313225;0.321164
35.360;-0.330028;0.308348
35.370;-0.344221;0.294533
35.380;-0.357087;0.278932
35.390;-0.370046;0.261347
35.400;-0.384320;0.242242
35.410;-0.400713;0.222588
35.420;-0.419561;0.203518
35.430;-0.440802;0.185907
35.440;-0.464114;0.170064
35.450;-0.489079;0.155691
35.460;-0.515325;0.142125
35.470;-0.542622;0.128711
35.480;-0.570914;0.115069
35.490;-0.600275;0.101134
35.500;-0.630830;0.087003
35.510;-0.662671;0.072758
35.520;-0.695801;0.058428
35.530;-0.730087;0.044118
35.540;-0.765233;0.030212
35.550;-0.800770;0.017474
35.560;-0.836084;0.006949
35.570;-0.870495;-0.000334
35.580;-0.903353;-0.003747
35.590;-0.934135;-0.003376
35.600;-0.962487;-0.000106
35.610;-0.988232;0.004542
35.620;-1.011332;0.008791
35.630;-1.031853;0.011031
35.640;-1.049928;0.010154
35.650;-1.065740;0.005703
35.660;-1.079507;-0.002177
35.670;-1.091476;-0.012944
35.680;-1.101929;-0.025955
35.690;-1.111197;-0.040735
35.700;-1.119640;-0.057127
35.710;-1.127591;-0.075255
35.720;-1.135282;-0.095312
35.730;-1.142805;-0.117276
35.740;-1.150152;-0.140656
35.750;-1.157311;-0.164426
35.760;-1.164347;-0.187162
35.770;-1.171398;-0.207390
35.780;-1.178588;-0.223985
35.790;-1.185914;-0.236524
35.800;-1.193200;-0.245448
35.810;-1.200130;-0.251957
35.820;-1.206320;-0.257678
35.830;-1.211392;-0.264206
35.840;-1.215043;-0.272721
35.850;-1.217115;-0.283779
35.860;-1.217671;-0.297289
35.870;-1.217038;-0.312647
35.880;-1.215761;-0.328979
35.890;-1.214447;-0.345427
35.900;-1.213572;-0.361403
35.910;-1.213362;-0.376731
35.920;-1.213844;-0.391620
35.930;-1.215026;-0.406515
35.940;-1.217104;-0.421897
35.950;-1.220540;-0.438124
35.960;-1.225977;-0.455355
35.970;-1.234026;-0.473535
35.980;-1.245027;-0.492367
35.990;-1.258912;-0.511253
36.000;-1.275232;-0.529270
36.010;-1.293306;-0.545275
36.020;-1.312413;-0.558132
36.030;-1.331909;-0.566989
36.040;-1.351259;-0.571510
36.050;-1.370007;-0.571960
36.060;-1.387741;-0.569122
36.070;-1.404090;-0.564075
36.080;-1.418750;-0.557901
36.090;-1.431542;-0.551457
36.100;-1.442445;-0.545280
36.110;-1.451595;-0.539625
36.120;-1.459193;-0.534548
36.130;-1.465390;-0.529961
36.140;-1.470185;-0.525596
36.150;-1.473423;-0.520945
36.160;-1.474885;-0.515258
36.170;-1.474466;-0.507666
36.180;-1.472335;-0.497420
36.190;-1.468995;-0.484149
36.200;-1.465176;-0.467963
36.210;-1.461584;-0.449343
36.220;-1.458629;-0.428845
36.230;-1.456261;-0.406810
36.240;-1.453984;-0.383218
36.250;-1.450984;-0.357779
36.260;-1.446309;-0.330183
36.270;-1.439042;-0.300391
36.280;-1.428442;-0.268820
36.290;-1.414063;-0.236314
36.300;-1.395805;-0.203929
36.310;-1.373885;-0.172609
36.320;-1.348766;-0.142932
36.330;-1.321066;-0.115060
36.340;-1.291479;-0.088903
36.350;-1.260698;-0.064370
36.360;-1.229333;-0.041561
36.370;-1.197830;-0.020784
36.380;-1.166404;-0.002418
36.390;-1.135024;0.013301
36.400;-1.103478;0.026476
36.410;-1.071543;0.037606
36.420;-1.039190;0.047473
36.430;-1.006750;0.056898
36.440;-0.974952;0.066503
36.450;-0.944818;0.076610
36.460;-0.917431;0.087312
36.470;-0.893683;0.098619
36.480;-0.874090;0.110555
36.490;-0.858765;0.123133
36.500;-0.847511;0.136260
36.510;-0.839969;0.149695
36.520;-0.835708;0.163117
36.530;-0.834216;0.176316
36.540;-0.834825;0.189374
36.550;-0.836644;0.202729
36.560;-0.838583;0.217046
36.570;-0.839469;0.232960
36.580;-0.838244;0.250795
36.590;-0.834152;0.270401
36.600;-0.826854;0.291163
36.610;-0.816425;0.312153
36.620;-0.803240;0.332342
36.630;-0.787809;0.350794
36.640;-0.770650;0.366816
36.650;-0.752227;0.380022
36.660;-0.732994;0.390335
36.670;-0.713474;0.397941
36.680;-0.694348;0.403252
36.690;-0.676454;0.406842
36.700;-0.660719;0.409348
36.710;-0.648032;0.411325
36.720;-0.639153;0.413097
36.730;-0.634651;0.414689
36.740;-0.634883;0.415879
36.750;-0.639965;0.416356
36.760;-0.649731;0.415899
36.770;-0.663704;0.414481
36.780;-0.681151;0.412270
36.790;-0.701246;0.409521
36.800;-0.723268;0.406456
36.810;-0.746762;0.403158
36.820;-0.771545;0.399527
36.830;-0.797594;0.395322
36.840;-0.824900;0.390276
36.850;-0.853399;0.384227
36.860;-0.882997;0.377177
36.870;-0.913662;0.369240
36.880;-0.945484;0.360520
36.890;-0.978702;0.351049
36.900;-1.013705;0.340823
36.910;-1.051057;0.329919
36.920;-1.091524;0.318583
36.930;-1.136091;0.307237
36.940;-1.185897;0.296389
36.950;-1.242039;0.286503
36.960;-1.305224;0.277905
36.970;-1.375354;0.270767
36.980;-1.451215;0.265170
36.990;-1.530433;0.261213
37.000;-1.609829;0.259102
37.010;-1.686083;0.259144
37.020;-1.756486;0.261633
37.030;-1.819504;0.266655
37.040;-1.874953;0.273904
37.050;-1.923785;0.282621
37.060;-1.967579;0.291701
37.070;-2.007949;0.299925
37.080;-2.046049;0.306232
37.090;-2.082325;0.309939
37.100;-2.116568;0.310867
37.110;-2.148189;0.309350
37.120;-2.176627;0.306124
37.130;-2.201722;0.302097
37.140;-2.223933;0.298090
37.150;-2.244317;0.294620
37.160;-2.264293;0.291839
37.170;-2.285272;0.289654
37.180;-2.308286;0.287952
37.190;-2.333750;0.286806
37.200;-2.361424;0.286523
37.210;-2.390578;0.287469
37.220;-2.420275;0.289790
37.230;-2.449651;0.293181
37.240;-2.478095;0.296888
37.250;-2.505306;0.299952
37.260;-2.531230;0.301580
37.270;-2.555921;0.301427
37.280;-2.579390;0.299650
37.290;-2.601470;0.296737
37.300;-2.621735;0.293208
37.310;-2.639479;0.289363
37.320;-2.653755;0.285200
37.330;-2.663489;0.280533
37.340;-2.667643;0.275210
37.350;-2.665405;0.269311
37.360;-2.656366;0.263193
37.370;-2.640619;0.257400
37.380;-2.618790;0.252477
37.390;-2.591985;0.248769
37.400;-2.561694;0.246248
37.410;-2.529670;0.244445
37.420;-2.497807;0.242546
37.430;-2.468034;0.239643
37.440;-2.442195;0.235030
37.450;-2.421849;0.228401
37.460;-2.407980;0.219866
37.470;-2.400669;0.209799
37.480;-2.398833;0.198648
37.490;-2.400168;0.186834
37.500;-2.401389;0.174766
37.510;-2.398814;0.162899
37.520;-2.389168;0.151760
37.530;-2.370326;0.141882
37.540;-2.341680;0.133675
37.550;-2.304006;0.127287
37.560;-2.258911;0.122486
37.570;-2.208142;0.118609
37.580;-2.153007;0.114625
37.590;-2.094107;0.109309
37.600;-2.031404;0.101524
37.610;-1.964555;0.090532
37.620;-1.893354;0.076210
37.630;-1.818086;0.059063
37.640;-1.739672;0.040016
37.650;-1.659598;0.020122
37.660;-1.579681;0.000364
37.670;-1.501802;-0.018352
37.680;-1.427684;-0.035112
37.690;-1.358746;-0.048987
37.700;-1.296044;-0.059183
37.710;-1.240226;-0.065300
37.720;-1.191488;-0.067536
37.730;-1.149549;-0.066740
37.740;-1.113677;-0.064246
37.750;-1.082824;-0.061539
37.760;-1.055839;-0.059852
37.770;-1.031684;-0.059815
37.780;-1.009577;-0.061278
37.790;-0.989010;-0.063362
37.800;-0.969646;-0.064721
37.810;-0.951146;-0.063905
37.820;-0.933003;-0.059693
37.830;-0.914469;-0.051327
37.840;-0.894603;-0.038615
37.850;-0.872441;-0.021947
37.860;-0.847226;-0.002249
37.870;-0.818590;0.019157
37.880;-0.786619;0.040770
37.890;-0.751766;0.061190
37.900;-0.714657;0.079335
37.910;-0.675887;0.094518
37.920;-0.635892;0.106373
37.930;-0.594970;0.114730
37.940;-0.553437;0.119539
37.950;-0.511845;0.120884
37.960;-0.471137;0.119037
37.970;-0.432644;0.114464
37.980;-0.397906;0.107738
37.990;-0.368422;0.099377
38.000;-0.345414;0.089684
38.010;-0.329680;0.078681
38.020;-0.321512;0.066148
38.030;-0.320661;0.051762
38.040;-0.326328;0.035294
38.050;-0.337232;0.016788
38.060;-0.351771;-0.003359
38.070;-0.368246;-0.024455
38.080;-0.385066;-0.045684
38.090;-0.400851;-0.066320
38.100;-0.414408;-0.085905
38.110;-0.424653;-0.104355
38.120;-0.430562;-0.121964
38.130;-0.431218;-0.139344
38.140;-0.425962;-0.157296
38.150;-0.414603;-0.176662
38.160;-0.397569;-0.198156
38.170;-0.375925;-0.222217
38.180;-0.351230;-0.248937
38.190;-0.325293;-0.278098
38.200;-0.299904;-0.309287
38.210;-0.276592;-0.342030
38.220;-0.256465;-0.375858
38.230;-0.240145;-0.410306
38.240;-0.227805;-0.444869
38.250;-0.219281;-0.478969
38.260;-0.214216;-0.511947
38.270;-0.212191;-0.543030
38.280;-0.212851;-0.571307
38.290;-0.215961;-0.595743
38.300;-0.221395;-0.615318
38.310;-0.229036;-0.629249
38.320;-0.238666;-0.637240
38.330;-0.249918;-0.639632
38.340;-0.262331;-0.637385
38.350;-0.275442;-0.631847
38.360;-0.288832;-0.624394
38.370;-0.302079;-0.616075
38.380;-0.314670;-0.607439
38.390;-0.325964;-0.598579
38.400;-0.335258;-0.589353
38.410;-0.341966;-0.579651
38.420;-0.345804;-0.569602
38.430;-0.346887;-0.559667
38.440;-0.345684;-0.550591
38.450;-0.342862;-0.543234
38.460;-0.339105;-0.538329
38.470;-0.334980;-0.536214
38.480;-0.330886;-0.536662
38.490;-0.327054;-0.538871
38.500;-0.323602;-0.541672
38.510;-0.320612;-0.543871
38.520;-0.318236;-0.544587
38.530;-0.316756;-0.543474
38.540;-0.316571;-0.540738
38.550;-0.318096;-0.536974
38.560;-0.321660;-0.532883
38.570;-0.327463;-0.528979
38.580;-0.335627;-0.525386
38.590;-0.346282;-0.521795
38.600;-0.359600;-0.517558
38.610;-0.375758;-0.511872
38.620;-0.394820;-0.504020
38.630;-0.416636;-0.493594
38.640;-0.440801;-0.480622
38.650;-0.466697;-0.465532
38.660;-0.493595;-0.448962
38.670;-0.520778;-0.431489
38.680;-0.547645;-0.413409
38.690;-0.573770;-0.394632
38.700;-0.598927;-0.374719
38.710;-0.623078;-0.353057
38.720;-0.646332;-0.329131
38.730;-0.668893;-0.302845
38.740;-0.690977;-0.274771
38.750;-0.712742;-0.246216
38.760;-0.734251;-0.219029
38.770;-0.755492;-0.195158
38.780;-0.776415;-0.176127
38.790;-0.796961;-0.162626
38.800;-0.817059;-0.154394
38.810;-0.836659;-0.150425
38.820;-0.855801;-0.149397
38.830;-0.874712;-0.150130
38.840;-0.893853;-0.151914
38.850;-0.913861;-0.154607
38.860;-0.935418;-0.158503
38.870;-0.959089;-0.164020
38.880;-0.985221;-0.171358
38.890;-1.013911;-0.180248
38.900;-1.045028;-0.189920
38.910;-1.078238;-0.199290
38.920;-1.113055;-0.207302
38.930;-1.148884;-0.213260
38.940;-1.185063;-0.217003
38.950;-1.220901;-0.218854
38.960;-1.255704;-0.219400
38.970;-1.288833;-0.219223
38.980;-1.319784;-0.218701
38.990;-1.348277;-0.217936
39.000;-1.374281;-0.216785
39.010;-1.397922;-0.214976
39.020;-1.419285;-0.212283
39.030;-1.438199;-0.208712
39.040;-1.454095;-0.204618
39.050;-1.466007;-0.200676
39.060;-1.472725;-0.197697
39.070;-1.473024;-0.196359
39.080;-1.465910;-0.196946
39.090;-1.450818;-0.199243
39.100;-1.427747;-0.202589
39.110;-1.397317;-0.206090
39.120;-1.360762;-0.208901
39.130;-1.319823;-0.210526
39.140;-1.276564;-0.211015
39.150;-1.233135;-0.210981
39.160;-1.191523;-0.211385
39.170;-1.153363;-0.213187
39.180;-1.119875;-0.217009
39.190;-1.091935;-0.222955
39.200;-1.070228;-0.230598
39.210;-1.055345;-0.239122
39.220;-1.047746;-0.247541
39.230;-1.047562;-0.254958
39.240;-1.054340;-0.260779
39.250;-1.066880;-0.264831
39.260;-1.083264;-0.267342
39.270;-1.101091;-0.268797
39.280;-1.117822;-0.269743
39.290;-1.131162;-0.270617
39.300;-1.139383;-0.271668
39.310;-1.141532;-0.273013
39.320;-1.137483;-0.274788
39.330;-1.127794;-0.277280
39.340;-1.113437;-0.280977
39.350;-1.095458;-0.286488
39.360;-1.074703;-0.294397
39.370;-1.051683;-0.305119
39.380;-1.026639;-0.318824
39.390;-0.999740;-0.335437
39.400;-0.971312;-0.354708
39.410;-0.941944;-0.376326
39.420;-0.912423;-0.400048
39.430;-0.883510;-0.425807
39.440;-0.855701;-0.453715
39.450;-0.829057;-0.483955
39.460;-0.803179;-0.516623
39.470;-0.777340;-0.551610
39.480;-0.750734;-0.588555
39.490;-0.722750;-0.626836
39.500;-0.693175;-0.665583
39.510;-0.662243;-0.703709
39.520;-0.630546;-0.740007
39.530;-0.598897;-0.773326
39.540;-0.568217;-0.802802
39.550;-0.539481;-0.828079
39.560;-0.513673;-0.849394
39.570;-0.491733;-0.867450
39.580;-0.474466;-0.883097
39.590;-0.462457;-0.896955
39.600;-0.456048;-0.909172
39.610;-0.455406;-0.919403
39.620;-0.460624;-0.927003
39.630;-0.471804;-0.931313
39.640;-0.489065;-0.931916
39.650;-0.512449;-0.928742
39.660;-0.541758;-0.922020
39.670;-0.576360;-0.912120
39.680;-0.615016;-0.899389
39.690;-0.655833;-0.884058
39.700;-0.696405;-0.866250
39.710;-0.734177;-0.846093
39.720;-0.766926;-0.823873
39.730;-0.793200;-0.800147
39.740;-0.812566;-0.775754
39.750;-0.825585;-0.751687
39.760;-0.833566;-0.728868
39.770;-0.838199;-0.707921
39.780;-0.841197;-0.689055
39.790;-0.843999;-0.672106
39.800;-0.847596;-0.656693
39.810;-0.852495;-0.642392
39.820;-0.858797;-0.628832
39.830;-0.866361;-0.615712
39.840;-0.874965;-0.602761
39.850;-0.884425;-0.589675
39.860;-0.894655;-0.576060
39.870;-0.905639;-0.561407
39.880;-0.917345;-0.545118
39.890;-0.929610;-0.526604
39.900;-0.942036;-0.505394
39.910;-0.953974;-0.481243
39.920;-0.964596;-0.454201
39.930;-0.973059;-0.424622
39.940;-0.978696;-0.393109
39.950;-0.981188;-0.360389
39.960;-0.980634;-0.327184
39.970;-0.977506;-0.294115
39.980;-0.972494;-0.261683
39.990;-0.966303;-0.230314
40.000;-0.959497;-0.200425
40.010;-0.952473;-0.172470
40.020;-0.945542;-0.146947
40.030;-0.939044;-0.124366
40.040;-0.933400;-0.105165
40.050;-0.929041;-0.089571
40.060;-0.926252;-0.077445
40.070;-0.925004;-0.068163
40.080;-0.924893;-0.060635
40.090;-0.925230;-0.053477
40.100;-0.925253;-0.045287
40.110;-0.924338;-0.034959
40.120;-0.922129;-0.021923
40.130;-0.918570;-0.006250
40.140;-0.913866;0.011440
40.150;-0.908406;0.030240
40.160;-0.902652;0.049333
40.170;-0.896978;0.068325
40.180;-0.891495;0.087410
40.190;-0.885935;0.107283
40.200;-0.879626;0.128827
40.210;-0.871634;0.152734
40.220;-0.861014;0.179185
40.230;-0.847128;0.207744
40.240;-0.829894;0.237491
40.250;-0.809875;0.267317
40.260;-0.788198;0.296251
40.270;-0.766331;0.323655
40.280;-0.745827;0.349244
40.290;-0.728089;0.372974
40.300;-0.714205;0.394887
40.310;-0.704865;0.415005
40.320;-0.700381;0.433287
40.330;-0.700786;0.449648
40.340;-0.705961;0.464027
40.350;-0.715723;0.476487
40.360;-0.729809;0.487318
40.370;-0.747768;0.497103
40.380;-0.768795;0.506715
40.390;-0.791633;0.517196
40.400;-0.814642;0.529518
40.410;-0.836047;0.544294
40.420;-0.854300;0.561562
40.430;-0.868390;0.580736
40.440;-0.877990;0.600739
40.450;-0.883370;0.620270
40.460;-0.885149;0.638104
40.470;-0.883978;0.653357
40.480;-0.880320;0.665667
40.490;-0.874394;0.675231
40.500;-0.866271;0.682695
40.510;-0.856053;0.688919
40.520;-0.844041;0.694683
40.530;-0.830828;0.700458
40.540;-0.817295;0.706314
40.550;-0.804497;0.711979
40.560;-0.793482;0.717024
40.570;-0.785104;0.721062
40.580;-0.779863;0.723902
40.590;-0.777832;0.725608
40.600;-0.778664;0.726477
40.610;-0.781675;0.726979
40.620;-0.785998;0.727661
40.630;-0.790739;0.729003
40.640;-0.795122;0.731247
40.650;-0.798564;0.734259
40.660;-0.800722;0.737519
40.670;-0.801503;0.740222
40.680;-0.801053;0.741470
40.690;-0.799687;0.740448
40.700;-0.797812;0.736556
40.710;-0.795818;0.729489
40.720;-0.794021;0.719251
40.730;-0.792638;0.706145
40.740;-0.791823;0.690723
40.750;-0.791740;0.673717
40.760;-0.792666;0.655914
40.770;-0.795048;0.637982
40.780;-0.799489;0.620275
40.790;-0.806641;0.602742
40.800;-0.817057;0.584974
40.810;-0.831068;0.566393
40.820;-0.848728;0.546478
40.830;-0.869837;0.524939
40.840;-0.894025;0.501795
40.850;-0.920866;0.477327
40.860;-0.950002;0.451947
40.870;-0.981254;0.426023
40.880;-1.014671;0.399765
40.890;-1.050506;0.373202
40.900;-1.089072;0.346268
40.910;-1.130541;0.318924
40.920;-1.174799;0.291239
40.930;-1.221416;0.263383
40.940;-1.269772;0.235496
40.950;-1.319194;0.207538
40.960;-1.369047;0.179204
40.970;-1.418696;0.150012
40.980;-1.467440;0.119544
40.990;-1.514483;0.087722
41.000;-1.559016;0.054957
41.010;-1.600361;0.022112
41.020;-1.638124;-0.009736
41.030;-1.672282;-0.039595
41.040;-1.703185;-0.066810
41.050;-1.731462;-0.091159
41.060;-1.757880;-0.112815
41.070;-1.783194;-0.132199
41.080;-1.808066;-0.149835
41.090;-1.833082;-0.166259
41.100;-1.858831;-0.181998
41.110;-1.885955;-0.197588
41.120;-1.915078;-0.213570
41.130;-1.946607;-0.230424
41.140;-1.980508;-0.248453
41.150;-2.016169;-0.267671
41.160;-2.052459;-0.287765
41.170;-2.087972;-0.308168
41.180;-2.121415;-0.328215
41.190;-2.151987;-0.347317
41.200;-2.179630;-0.365080
41.210;-2.205029;-0.381351
41.220;-2.229351;-0.396196
41.230;-2.253779;-0.409844
41.240;-2.279022;-0.422602
41.250;-2.304943;-0.434740
41.260;-2.330496;-0.446391
41.270;-2.353948;-0.457499
41.280;-2.373304;-0.467844
41.290;-2.386782;-0.477127
41.300;-2.393164;-0.485075
41.310;-2.391979;-0.491495
41.320;-2.383451;-0.496279
41.330;-2.368309;-0.499398
41.340;-2.347542;-0.500933
41.350;-2.322212;-0.501118
41.360;-2.293350;-0.500340
41.370;-2.261899;-0.499058
41.380;-2.228641;-0.497665
41.390;-2.194120;-0.496367
41.400;-2.158603;-0.495095
41.410;-2.122111;-0.493492
41.420;-2.084514;-0.490989
41.430;-2.045658;-0.486965
41.440;-2.005466;-0.480965
41.450;-1.963964;-0.472889
41.460;-1.921224;-0.463062
41.470;-1.877261;-0.452154
41.480;-1.831949;-0.440982
41.490;-1.785036;-0.430298
41.500;-1.736282;-0.420666
41.510;-1.685674;-0.412452
41.520;-1.633637;-0.405903
41.530;-1.581136;-0.401236
41.540;-1.529638;-0.398682
41.550;-1.480940;-0.398447
41.560;-1.436902;-0.400615
41.570;-1.399136;-0.405037
41.580;-1.368740;-0.411290
41.590;-1.346120;-0.418705
41.600;-1.330972;-0.426492
41.610;-1.322439;-0.433867
41.620;-1.319406;-0.440152
41.630;-1.320822;-0.444831
41.640;-1.325912;-0.447610
41.650;-1.334228;-0.448527
41.660;-1.345552;-0.448067
41.670;-1.359751;-0.447156
41.680;-1.376681;-0.446961
41.690;-1.396147;-0.448550
41.700;-1.417927;-0.452582
41.710;-1.441819;-0.459174
41.720;-1.467693;-0.467953
41.730;-1.495482;-0.478227
41.740;-1.525086;-0.489170
41.750;-1.556170;-0.499960
41.760;-1.587924;-0.509860
41.770;-1.618906;-0.518232
41.780;-1.647073;-0.524504
41.790;-1.670043;-0.528127
41.800;-1.685543;-0.528584
41.810;-1.691900;-0.525470
41.820;-1.688447;-0.518635
41.830;-1.675662;-0.508270
41.840;-1.654987;-0.494882
41.850;-1.628353;-0.479179
41.860;-1.597629;-0.461978
41.870;-1.564195;-0.444198
41.880;-1.528818;-0.426868
41.890;-1.491810;-0.411027
41.900;-1.453328;-0.397470
41.910;-1.413646;-0.386435
41.920;-1.373255;-0.377396
41.930;-1.332791;-0.369124
41.940;-1.292870;-0.360005
41.950;-1.253915;-0.348536
41.960;-1.216066;-0.333818
41.970;-1.179179;-0.315877
41.980;-1.142912;-0.295700
41.990;-1.106841;-0.274963
42.000;-1.070545;-0.255596
42.010;-1.033635;-0.239345
42.020;-0.995734;-0.227487
42.030;-0.956446;-0.220686
42.040;-0.915350;-0.218995
42.050;-0.872055;-0.221922
42.060;-0.826309;-0.228590
42.070;-0.778114;-0.237952
42.080;-0.727822;-0.249021
42.090;-0.676181;-0.261033
42.100;-0.624290;-0.273501
42.110;-0.573480;-0.286172
42.120;-0.525147;-0.298929
42.130;-0.480582;-0.311702
42.140;-0.440868;-0.324445
42.150;-0.406818;-0.337127
42.160;-0.378950;-0.349692
42.170;-0.357430;-0.361988
42.180;-0.341983;-0.373701
42.190;-0.331819;-0.384350
42.200;-0.325655;-0.393357
42.210;-0.321881;-0.400192
42.220;-0.318812;-0.404541
42.230;-0.314986;-0.406426
42.240;-0.309386;-0.406214
42.250;-0.301529;-0.404499
42.260;-0.291401;-0.401912
42.270;-0.279300;-0.398965
42.280;-0.265677;-0.396005
42.290;-0.251051;-0.393282
42.300;-0.236003;-0.391070
42.310;-0.221171;-0.389724
42.320;-0.207217;-0.389625
42.330;-0.194703;-0.391025
42.340;-0.183944;-0.393902
42.350;-0.174891;-0.397903
42.360;-0.167139;-0.402454
42.370;-0.160054;-0.406983
42.380;-0.153003;-0.411146
42.390;-0.145606;-0.414941
42.400;-0.137919;-0.418646
42.410;-0.130497;-0.422621
42.420;-0.124305;-0.427064
42.430;-0.120505;-0.431859
42.440;-0.120209;-0.436571
42.450;-0.124240;-0.440575
42.460;-0.132984;-0.443245
42.470;-0.146335;-0.444129
42.480;-0.163726;-0.443060
42.490;-0.184238;-0.440185
42.500;-0.206778;-0.435899
42.510;-0.230278;-0.430754
42.520;-0.253903;-0.425342
42.530;-0.277185;-0.420223
42.540;-0.300113;-0.415882
42.550;-0.323135;-0.412722
42.560;-0.347111;-0.411058
42.570;-0.373177;-0.411063
42.580;-0.402517;-0.412678
42.590;-0.436065;-0.415482
42.600;-0.474191;-0.418594
42.610;-0.516464;-0.420679
42.620;-0.561579;-0.420091
42.630;-0.607500;-0.415172
42.640;-0.651793;-0.404610
42.650;-0.692081;-0.387738
42.660;-0.726476;-0.364668
42.670;-0.753893;-0.336207
42.680;-0.774152;-0.303612
42.690;-0.787857;-0.268303
42.700;-0.796085;-0.231658
42.710;-0.800004;-0.194911
42.720;-0.800552;-0.159144
42.730;-0.798277;-0.125245
42.740;-0.793376;-0.093807
42.750;-0.785868;-0.064981
42.760;-0.775826;-0.038410
42.770;-0.763524;-0.013306
42.780;-0.749469;0.011339
42.790;-0.734318;0.036478
42.800;-0.718783;0.062763
42.810;-0.703582;0.090378
42.820;-0.689444;0.118980
42.830;-0.677142;0.147767
42.840;-0.667499;0.175649
42.850;-0.661351;0.201495
42.860;-0.659446;0.224366
42.870;-0.662334;0.243689
42.880;-0.670295;0.259347
42.890;-0.683325;0.271712
42.900;-0.701171;0.281616
42.910;-0.723392;0.290242
42.920;-0.749440;0.298935
42.930;-0.778724;0.308953
42.940;-0.810627;0.321227
42.950;-0.844473;0.336194
42.960;-0.879478;0.353765
42.970;-0.914769;0.373435
42.980;-0.949498;0.394490
42.990;-0.983024;0.416239
43.000;-1.015069;0.438200
43.010;-1.045743;0.460214
43.020;-1.075413;0.482448
43.030;-1.104474;0.505298
43.040;-1.133108;0.529203
43.050;-1.161140;0.554429
43.060;-1.188029;0.580900
43.070;-1.213004;0.608096
43.080;-1.235279;0.635089
43.090;-1.254296;0.660703
43.100;-1.269908;0.683801
43.110;-1.282434;0.703586
43.120;-1.292578;0.719804
43.130;-1.301225;0.732739
43.140;-1.309204;0.743010
43.150;-1.317077;0.751274
43.160;-1.325034;0.757989
43.170;-1.332920;0.763350
43.180;-1.340373;0.767366
43.190;-1.347031;0.769973
43.200;-1.352679;0.771112
43.210;-1.357318;0.770762
43.220;-1.361134;0.768998
43.230;-1.364417;0.766086
43.240;-1.367456;0.762571
43.250;-1.370428;0.759250
43.260;-1.373336;0.756986
43.270;-1.376027;0.756400
43.280;-1.378333;0.757619
43.290;-1.380245;0.760213
43.300;-1.382062;0.763343
43.310;-1.384410;0.766054
43.320;-1.388125;0.767536
43.330;-1.394024;0.767250
43.340;-1.402680;0.764916
43.350;-1.414294;0.760451
43.360;-1.428703;0.753971
43.370;-1.445483;0.745845
43.380;-1.464069;0.736710
43.390;-1.483856;0.727345
43.400;-1.504264;0.718424
43.410;-1.524785;0.710230
43.420;-1.545033;0.702497
43.430;-1.564808;0.694466
43.440;-1.584163;0.685168
43.450;-1.603402;0.673816
43.460;-1.622941;0.660116
43.470;-1.643045;0.644380
43.480;-1.663564;0.627399
43.490;-1.683820;0.610174
43.500;-1.702752;0.593645
43.510;-1.719298;0.578511
43.520;-1.732837;0.565173
43.530;-1.743447;0.553762
43.540;-1.751868;0.544173
43.550;-1.759183;0.536098
43.560;-1.766411;0.529088
43.570;-1.774197;0.522635
43.580;-1.782736;0.516270
43.590;-1.791919;0.509634
43.600;-1.801563;0.502513
43.610;-1.811610;0.494833
43.620;-1.822211;0.486619
43.630;-1.833712;0.477924
43.640;-1.846596;0.468733
43.650;-1.861393;0.458874
43.660;-1.878575;0.447979
43.670;-1.898433;0.435557
43.680;-1.920931;0.421196
43.690;-1.945586;0.404893
43.700;-1.971429;0.387342
43.710;-1.997102;0.369977
43.720;-2.021090;0.354640
43.730;-2.042005;0.342956
43.740;-2.058821;0.335733
43.750;-2.070986;0.332690
43.760;-2.078345;0.332648
43.770;-2.080887;0.334060
43.780;-2.078400;0.335640
43.790;-2.070177;0.336793
43.800;-2.054961;0.337721
43.810;-2.031210;0.339156
43.820;-1.997631;0.341848
43.830;-1.953770;0.346035
43.840;-1.900366;0.351148
43.850;-1.839322;0.355889
43.860;-1.773338;0.358650
43.870;-1.705409;0.358051
43.880;-1.638363;0.353381
43.890;-1.574556;0.344793
43.900;-1.515707;0.333257
43.910;-1.462846;0.320314
43.920;-1.416373;0.307700
43.930;-1.376220;0.296907
43.940;-1.342103;0.288806
43.950;-1.313750;0.283507
43.960;-1.291024;0.280481
43.970;-1.273879;0.278904
43.980;-1.262214;0.278026
43.990;-1.255720;0.277417
44.000;-1.253800;0.277025
44.010;-1.255578;0.277062
44.020;-1.259968;0.277805
44.030;-1.265744;0.279421
44.040;-1.271608;0.281920
44.050;-1.276239;0.285273
44.060;-1.278365;0.289626
44.070;-1.276869;0.295446
44.080;-1.270944;0.303484
44.090;-1.260254;0.314517
44.100;-1.245060;0.328959
44.110;-1.226220;0.346551
44.120;-1.205027;0.366267
44.130;-1.182904;0.386511
44.140;-1.161052;0.405512
44.150;-1.140191;0.421787
44.160;-1.120512;0.434497
44.170;-1.101825;0.443582
44.180;-1.083830;0.449658
44.190;-1.066344;0.453759
44.200;-1.049404;0.457036
44.210;-1.033245;0.460520
44.220;-1.018179;0.464997
44.230;-1.004469;0.470946
44.240;-0.992244;0.478506
44.250;-0.981462;0.487437
44.260;-0.971897;0.497130
44.270;-0.963153;0.506732
44.280;-0.954698;0.515391
44.290;-0.945937;0.522537
44.300;-0.936346;0.528059
44.310;-0.925615;0.532306
44.320;-0.913772;0.535887
44.330;-0.901213;0.539365
44.340;-0.888625;0.542991
44.350;-0.876829;0.546598
44.360;-0.866572;0.549706
44.370;-0.858355;0.551772
44.380;-0.852337;0.552444
44.390;-0.848354;0.551700
44.400;-0.846052;0.549816
44.410;-0.845077;0.547187
44.420;-0.845271;0.544097
44.430;-0.846764;0.540579
44.440;-0.849929;0.536407
44.450;-0.855189;0.531250
44.460;-0.862771;0.524873
44.470;-0.872498;0.517296
44.480;-0.883718;0.508805
44.490;-0.895398;0.499813
44.500;-0.906361;0.490661
44.510;-0.915569;0.481490
44.520;-0.922353;0.472243
44.530;-0.926523;0.462776
44.540;-0.928323;0.452993
44.550;-0.928270;0.442947
44.560;-0.926950;0.432839
44.570;-0.924843;0.422950
44.580;-0.922237;0.413541
44.590;-0.919234;0.404801
44.600;-0.915844;0.396863
44.610;-0.912110;0.389857
44.620;-0.908237;0.383934
44.630;-0.904641;0.379248
44.640;-0.901885;0.375906
44.650;-0.900520;0.373910
44.660;-0.900919;0.373142
44.670;-0.903190;0.373393
44.680;-0.907222;0.374438
44.690;-0.912783;0.376126
44.700;-0.919644;0.378446
44.710;-0.927645;0.381508
44.720;-0.936719;0.385443
44.730;-0.946877;0.390252
44.740;-0.958166;0.395666
44.750;-0.970626;0.401104
44.760;-0.984273;0.405770
44.770;-0.999113;0.408855
44.780;-1.015197;0.409746
44.790;-1.032669;0.408171
44.800;-1.051754;0.404231
44.810;-1.072675;0.398340
44.820;-1.095519;0.391075
44.830;-1.120159;0.382990
44.840;-1.146257;0.374459
44.850;-1.173400;0.365615
44.860;-1.201265;0.356398
44.870;-1.229767;0.346674
44.880;-1.259089;0.336350
44.890;-1.289596;0.325399
44.900;-1.321655;0.313819
44.910;-1.355442;0.301582
44.920;-1.390813;0.288660
44.930;-1.427282;0.275142
44.940;-1.464090;0.261336
44.950;-1.500325;0.247745
44.960;-1.535047;0.234887
44.970;-1.567379;0.223081
44.980;-1.596547;0.212319
44.990;-1.621887;0.202286
45.000;-1.642834;0.192491
45.010;-1.658929;0.182425
45.020;-1.669848;0.171715
45.030;-1.675444;0.160233
45.040;-1.675790;0.148127
45.050;-1.671226;0.135766
45.060;-1.662373;0.123618
45.070;-1.650120;0.112097
45.080;-1.635569;0.101476
45.090;-1.619921;0.091890
45.100;-1.604334;0.083435
45.110;-1.589782;0.076276
45.120;-1.576959;0.070687
45.130;-1.566268;0.066973
45.140;-1.557864;0.065329
45.150;-1.551750;0.065671
45.160;-1.547887;0.067553
45.170;-1.546282;0.070202
45.180;-1.547018;0.072691
45.190;-1.550169;0.074189
45.200;-1.555599;0.074178
45.210;-1.562743;0.072556
45.220;-1.570490;0.069582
45.230;-1.577286;0.065695
45.240;-1.581472;0.061300
45.250;-1.581723;0.056608
45.260;-1.577400;0.051581
45.270;-1.568645;0.045984
45.280;-1.556202;0.039508
45.290;-1.541059;0.031913
45.300;-1.524089;0.023128
45.310;-1.505826;0.013266
45.320;-1.486463;0.002521
45.330;-1.466040;-0.008948
45.340;-1.444727;-0.021077
45.350;-1.423008;-0.033842
45.360;-1.401642;-0.047129
45.370;-1.381419;-0.060597
45.380;-1.362858;-0.073622
45.390;-1.346037;-0.085373
45.400;-1.330662;-0.094994
45.410;-1.316328;-0.101815
45.420;-1.302829;-0.105481
45.430;-1.290332;-0.105981
45.440;-1.279340;-0.103605
45.450;-1.270487;-0.098883
45.460;-1.264310;-0.092542
45.470;-1.261088;-0.085446
45.480;-1.260785;-0.078506
45.490;-1.263065;-0.072592
45.500;-1.267366;-0.068452
45.510;-1.273025;-0.066660
45.520;-1.279448;-0.067529
45.530;-1.286285;-0.070997
45.540;-1.293547;-0.076562
45.550;-1.301620;-0.083336
45.560;-1.311137;-0.090267
45.570;-1.322718;-0.096459
45.580;-1.336688;-0.101478
45.590;-1.352912;-0.105466
45.600;-1.370814;-0.109024
45.610;-1.389604;-0.112918
45.620;-1.408595;-0.117782
45.630;-1.427461;-0.123948
45.640;-1.446317;-0.131429
45.650;-1.465570;-0.139985
45.660;-1.485584;-0.149201
45.670;-1.506307;-0.158521
45.680;-1.527020;-0.167259
45.690;-1.546331;-0.174644
45.700;-1.562433;-0.179950
45.710;-1.573542;-0.182703
45.720;-1.578344;-0.182881
45.730;-1.576260;-0.180981
45.740;-1.567470;-0.177884
45.750;-1.552705;-0.174595
45.760;-1.532982;-0.172014
45.770;-1.509383;-0.170848
45.780;-1.482957;-0.171659
45.790;-1.454723;-0.174925
45.800;-1.425699;-0.181018
45.810;-1.396902;-0.190066
45.820;-1.369282;-0.201794
45.830;-1.343587;-0.215449
45.840;-1.320218;-0.229888
45.850;-1.299134;-0.243827
45.860;-1.279870;-0.256162
45.870;-1.261714;-0.266243
45.880;-1.243985;-0.274024
45.890;-1.226314;-0.280057
45.900;-1.208813;-0.285312
45.910;-1.192079;-0.290882
45.920;-1.177048;-0.297656
45.930;-1.164764;-0.306094
45.940;-1.156104;-0.316212
45.950;-1.151540;-0.327764
45.960;-1.150955;-0.340515
45.970;-1.153567;-0.354475
45.980;-1.157983;-0.369945
45.990;-1.162385;-0.387372
46.000;-1.164829;-0.407096
46.010;-1.163589;-0.429138
46.020;-1.157432;-0.453139
46.030;-1.145793;-0.478450
46.040;-1.128779;-0.504328
46.050;-1.107070;-0.530124
46.060;-1.081743;-0.555405
46.070;-1.054074;-0.579953
46.080;-1.025371;-0.603685
46.090;-0.996826;-0.626542
46.100;-0.969400;-0.648430
46.110;-0.943762;-0.669235
46.120;-0.920283;-0.688875
46.130;-0.899103;-0.707321
46.140;-0.880205;-0.724567
46.150;-0.863469;-0.740576
46.160;-0.848657;-0.755286
46.170;-0.835375;-0.768668
46.180;-0.823073;-0.780828
46.190;-0.811139;-0.792068
46.200;-0.799069;-0.802884
46.210;-0.786622;-0.813887
46.220;-0.773883;-0.825686
46.230;-0.761174;-0.838762
46.240;-0.748866;-0.853360
46.250;-0.737164;-0.869444
46.260;-0.725988;-0.886731
46.270;-0.715014;-0.904761
46.280;-0.703817;-0.923003
46.290;-0.692040;-0.940918
46.300;-0.679493;-0.958015
46.310;-0.666131;-0.973881
46.320;-0.651977;-0.988205
46.330;-0.637006;-1.000781
46.340;-0.621103;-1.011485
46.350;-0.604089;-1.020244
46.360;-0.585832;-1.027004
46.370;-0.566369;-1.031688
46.380;-0.545981;-1.034178
46.390;-0.525220;-1.034329
46.400;-0.504885;-1.032053
46.410;-0.485953;-1.027412
46.420;-0.469459;-1.020692
46.430;-0.456356;-1.012379
46.440;-0.447382;-1.003038
46.450;-0.442991;-0.993150
46.460;-0.443359;-0.982964
46.470;-0.448430;-0.972423
46.480;-0.457973;-0.961175
46.490;-0.471626;-0.948671
46.500;-0.488953;-0.934325
46.510;-0.509529;-0.917671
46.520;-0.533032;-0.898461
46.530;-0.559291;-0.876671
46.540;-0.588253;-0.852449
46.550;-0.619874;-0.826034
46.560;-0.653953;-0.797719
46.570;-0.689984;-0.767826
46.580;-0.727096;-0.736675
46.590;-0.764145;-0.704526
46.600;-0.799955;-0.671495
46.610;-0.833583;-0.637545
46.620;-0.864493;-0.602588
46.630;-0.892580;-0.566667
46.640;-0.918039;-0.530099
46.650;-0.941181;-0.493462
46.660;-0.962269;-0.457421
46.670;-0.981472;-0.422505
46.680;-0.998933;-0.388941
46.690;-1.014917;-0.356603
46.700;-1.029938;-0.325069
46.710;-1.044814;-0.293751
46.720;-1.060615;-0.262044
46.730;-1.078535;-0.229440
46.740;-1.099700;-0.195566
46.750;-1.124937;-0.160155
46.760;-1.154556;-0.123031
46.770;-1.188213;-0.084161
46.780;-1.224926;-0.043777
46.790;-1.263274;-0.002498
46.800;-1.301757;0.038629
46.810;-1.339185;0.078219
46.820;-1.374945;0.114773
46.830;-1.409057;0.147036
46.840;-1.442009;0.174396
46.850;-1.474495;0.197144
46.860;-1.507165;0.216415
46.870;-1.540452;0.233765
46.880;-1.574496;0.250571
46.890;-1.609108;0.267576
46.900;-1.643759;0.284777
46.910;-1.677589;0.301706
46.920;-1.709497;0.317907
46.930;-1.738366;0.333332
46.940;-1.763388;0.348455
46.950;-1.784367;0.364078
46.960;-1.801857;0.380953
46.970;-1.817028;0.399427
46.980;-1.831342;0.419263
46.990;-1.846137;0.439708
47.000;-1.862282;0.459795
47.010;-1.880004;0.478729
47.020;-1.898921;0.496173
47.030;-1.918261;0.512334
47.040;-1.937173;0.527812
47.050;-1.955000;0.543331
47.060;-1.971408;0.559488
47.070;-1.986378;0.576642
47.080;-2.000082;0.594948
47.090;-2.012758;0.614459
47.100;-2.024605;0.635163
47.110;-2.035741;0.656914
47.120;-2.046187;0.679306
47.130;-2.055855;0.701610
47.140;-2.064503;0.722848
47.150;-2.071721;0.742026
47.160;-2.076986;0.758413
47.170;-2.079790;0.771755
47.180;-2.079830;0.782288
47.190;-2.077163;0.790579
47.200;-2.072274;0.797259
47.210;-2.065993;0.802808
47.220;-2.059269;0.807496
47.230;-2.052877;0.811490
47.240;-2.047170;0.815035
47.250;-2.041958;0.818593
47.260;-2.036601;0.822819
47.270;-2.030273;0.828397
47.280;-2.022312;0.835821
47.290;-2.012511;0.845252
47.300;-2.001214;0.856512
47.310;-1.989165;0.869202
47.320;-1.977131;0.882881
47.330;-1.965472;0.897226
47.340;-1.953831;0.912108
47.350;-1.941130;0.927544
47.360;-1.925882;0.943580
47.370;-1.906701;0.960166
47.380;-1.882798;0.977057
47.390;-1.854297;0.993790
47.400;-1.822301;1.009719
47.410;-1.788722;1.024122
47.420;-1.755937;1.036361
47.430;-1.726337;1.046018
47.440;-1.701883;1.052968
47.450;-1.683756;1.057348
47.460;-1.672193;1.059427
47.470;-1.666577;1.059453
47.480;-1.665769;1.057564
47.490;-1.668560;1.053818
47.500;-1.674075;1.048302
47.510;-1.681947;1.041239
47.520;-1.692166;1.033001
47.530;-1.704698;1.024027
47.540;-1.719047;1.014682
47.550;-1.733991;1.005126
47.560;-1.747576;0.995268
47.570;-1.757394;0.984844
47.580;-1.761038;0.973590
47.590;-1.756601;0.961420
47.600;-1.743086;0.948477
47.610;-1.720570;0.935020
47.620;-1.690090;0.921194
47.630;-1.653298;0.906808
47.640;-1.612036;0.891237
47.650;-1.567975;0.873492
47.660;-1.522428;0.852435
47.670;-1.476348;0.827053
47.680;-1.430479;0.796703
47.690;-1.385560;0.761285
47.700;-1.342489;0.721281
47.710;-1.302348;0.677682
47.720;-1.266267;0.631848
47.730;-1.235182;0.585314
47.740;-1.209584;0.539591
47.750;-1.189355;0.495968
47.760;-1.173764;0.455355
47.770;-1.161615;0.418216
47.780;-1.151508;0.384582
47.790;-1.142126;0.354138
47.800;-1.132471;0.326336
47.810;-1.121973;0.300530
47.820;-1.110469;0.276095
47.830;-1.098076;0.252524
47.840;-1.085043;0.229488
47.850;-1.071650;0.206853
47.860;-1.058196;0.184659
47.870;-1.045032;0.163071
47.880;-1.032611;0.142289
47.890;-1.021499;0.122451
47.900;-1.012305;0.103540
47.910;-1.005559;0.085381
47.920;-1.001579;0.067715
47.930;-1.000425;0.050305
47.940;-1.001962;0.033005
47.950;-1.006012;0.015742
47.960;-1.012496;-0.001542
47.970;-1.021497;-0.018959
47.980;-1.033221;-0.036668
47.990;-1.047896;-0.054841
48.000;-1.065679;-0.073607
48.010;-1.086632;-0.093040
48.020;-1.110768;-0.113169
48.030;-1.138131;-0.134011
48.040;-1.168870;-0.155608
48.050;-1.203239;-0.178062
48.060;-1.241519;-0.201539
48.070;-1.283855;-0.226241
48.080;-1.330081;-0.252301
48.090;-1.379592;-0.279640
48.100;-1.431320;-0.307820
48.110;-1.483829;-0.335997
48.120;-1.535486;-0.363050
48.130;-1.584661;-0.387861
48.140;-1.629879;-0.409645
48.150;-1.669884;-0.428188
48.160;-1.703612;-0.443883
48.170;-1.730127;-0.457555
48.180;-1.748607;-0.470151
48.190;-1.758403;-0.482423
48.200;-1.759152;-0.494745
48.210;-1.750908;-0.507120
48.220;-1.734209;-0.519345
48.230;-1.710074;-0.531259
48.240;-1.679903;-0.542967
48.250;-1.645324;-0.554933
48.260;-1.608061;-0.567892
48.270;-1.569859;-0.582588
48.280;-1.532433;-0.599439
48.290;-1.497406;-0.618280
48.300;-1.466226;-0.638322
48.310;-1.440086;-0.658341
48.320;-1.419871;-0.677016
48.330;-1.406136;-0.693282
48.340;-1.399090;-0.706558
48.350;-1.398570;-0.716800
48.360;-1.404019;-0.724397
48.370;-1.414485;-0.729958
48.380;-1.428669;-0.734080
48.390;-1.445033;-0.737139
48.400;-1.461937;-0.739197
48.410;-1.477806;-0.740068
48.420;-1.491287;-0.739538
48.430;-1.501385;-0.737627
48.440;-1.507540;-0.734740
48.450;-1.509649;-0.731656
48.460;-1.508030;-0.729376
48.470;-1.503347;-0.728889
48.480;-1.496525;-0.730941
48.490;-1.488659;-0.735841
48.500;-1.480914;-0.743375
48.510;-1.474397;-0.752850
48.520;-1.470012;-0.763290
48.530;-1.468331;-0.773714
48.540;-1.469523;-0.783398
48.550;-1.473376;-0.792007
48.560;-1.479416;-0.799565
48.570;-1.487084;-0.806265
48.580;-1.495894;-0.812197
48.590;-1.505500;-0.817120
48.600;-1.515672;-0.820406
48.610;-1.526182;-0.821186
48.620;-1.536696;-0.818638
48.630;-1.546733;-0.812251
48.640;-1.555721;-0.801968
48.650;-1.563139;-0.788196
48.660;-1.568683;-0.771696
48.670;-1.572348;-0.753419
48.680;-1.574375;-0.734309
48.690;-1.575058;-0.715120
48.700;-1.574498;-0.696297
48.710;-1.572437;-0.677932
48.720;-1.568248;-0.659782
48.730;-1.561099;-0.641362
48.740;-1.550201;-0.622081
48.750;-1.535043;-0.601412
48.760;-1.515498;-0.579014
48.770;-1.491759;-0.554779
48.780;-1.464196;-0.528771
48.790;-1.433219;-0.501142
48.800;-1.399246;-0.472074
48.810;-1.362728;-0.441819
48.820;-1.324160;-0.410811
48.830;-1.284041;-0.379759
48.840;-1.242811;-0.349625
48.850;-1.200829;-0.321477
48.860;-1.158438;-0.296273
48.870;-1.116075;-0.274704
48.880;-1.074330;-0.257159
48.890;-1.033926;-0.243793
48.900;-0.995614;-0.234639
48.910;-0.960033;-0.229688
48.920;-0.927611;-0.228883
48.930;-0.898514;-0.232036
48.940;-0.872658;-0.238693
48.950;-0.849750;-0.248025
48.960;-0.829358;-0.258847
48.970;-0.810993;-0.269755
48.980;-0.794205;-0.279371
48.990;-0.778652;-0.286608
49.000;-0.764129;-0.290904
49.010;-0.750536;-0.292339
49.020;-0.737785;-0.291581
49.030;-0.725679;-0.289642
49.040;-0.713819;-0.287532
49.050;-0.701578;-0.285920
49.060;-0.688185;-0.284993
49.070;-0.672887;-0.284561
49.080;-0.655140;-0.284355
49.090;-0.634737;-0.284333
49.100;-0.611847;-0.284784
49.110;-0.586950;-0.286175
49.120;-0.560704;-0.288826
49.130;-0.533777;-0.292633
49.140;-0.506704;-0.296992
49.150;-0.479779;-0.300981
49.160;-0.453059;-0.303696
49.170;-0.426469;-0.304589
49.180;-0.399973;-0.303611
49.190;-0.373732;-0.301086
49.200;-0.348169;-0.297407
49.210;-0.323925;-0.292762
49.220;-0.301748;-0.287070
49.230;-0.282343;-0.280146
49.240;-0.266244;-0.271956
49.250;-0.253706;-0.262775
49.260;-0.244638;-0.253119
49.270;-0.238625;-0.243533
49.280;-0.235017;-0.234356
49.290;-0.233089;-0.225639
49.300;-0.232180;-0.217280
49.310;-0.231797;-0.209289
49.320;-0.231659;-0.202044
49.330;-0.231674;-0.196356
49.340;-0.231853;-0.193260
49.350;-0.232196;-0.193611
49.360;-0.232596;-0.197682
49.370;-0.232792;-0.204937
49.380;-0.232415;-0.214103
49.390;-0.231125;-0.223503
49.400;-0.228793;-0.231542
49.410;-0.225648;-0.237159
49.420;-0.222304;-0.240111
49.430;-0.219641;-0.241006
49.440;-0.218587;-0.241097
49.450;-0.219879;-0.241918
49.460;-0.223869;-0.244878
49.470;-0.230457;-0.250936
49.480;-0.239145;-0.260454
49.490;-0.249231;-0.273272
49.500;-0.260052;-0.288947
49.510;-0.271183;-0.307030
49.520;-0.282541;-0.327250
49.530;-0.294365;-0.349540
49.540;-0.307110;-0.373947
49.550;-0.321316;-0.400495
49.560;-0.337491;-0.429100
49.570;-0.356043;-0.459529
49.580;-0.377282;-0.491418
49.590;-0.401461;-0.524334
49.600;-0.428801;-0.557847
49.610;-0.459476;-0.591600
49.620;-0.493539;-0.625359
49.630;-0.530860;-0.658994
49.640;-0.571122;-0.692411
49.650;-0.613880;-0.725404
49.660;-0.658666;-0.757509
49.670;-0.705047;-0.787899
49.680;-0.752624;-0.815382
49.690;-0.800982;-0.838556
49.700;-0.849674;-0.856122
49.710;-0.898270;-0.867249
49.720;-0.946470;-0.871856
49.730;-0.994181;-0.870657
49.740;-1.041477;-0.864963
49.750;-1.088466;-0.856336
49.760;-1.135160;-0.846228
49.770;-1.181432;-0.835734
49.780;-1.227077;-0.825543
49.790;-1.271904;-0.816049
49.800;-1.315805;-0.807526
49.810;-1.358751;-0.800218
49.820;-1.400742;-0.794281
49.830;-1.441742;-0.789628
49.840;-1.481662;-0.785798
49.850;-1.520400;-0.781958
49.860;-1.557892;-0.777124
49.870;-1.594118;-0.770495
49.880;-1.629006;-0.761757
49.890;-1.662275;-0.751157
49.900;-1.693264;-0.739319
49.910;-1.720874;-0.726924
49.920;-1.743677;-0.714444
49.930;-1.760214;-0.702082
49.940;-1.769407;-0.689891
49.950;-1.770922;-0.677912
49.960;-1.765327;-0.666233
49.970;-1.753953;-0.654928
49.980;-1.738527;-0.643978
49.990;-1.720740;-0.633253
50.000;-1.701908;-0.622607
50.010;-1.682862;-0.611998
50.020;-1.664061;-0.601525
50.030;-1.645854;-0.591322
50.040;-1.628750;-0.581388
50.050;-1.613568;-0.571472
50.060;-1.601381;-0.561074
50.070;-1.593262;-0.549551
50.080;-1.589939;-0.536206
50.090;-1.591477;-0.520336
50.100;-1.597114;-0.501194
50.110;-1.605279;-0.477974
50.120;-1.613832;-0.449925
50.130;-1.620466;-0.416611
50.140;-1.623177;-0.378231
50.150;-1.620652;-0.335787
50.160;-1.612439;-0.290985
50.170;-1.598865;-0.245908
50.180;-1.580790;-0.202581
50.190;-1.559312;-0.162622
50.200;-1.535515;-0.127064
50.210;-1.510315;-0.096404
50.220;-1.484387;-0.070747
50.230;-1.458187;-0.049920
50.240;-1.432013;-0.033473
50.250;-1.406099;-0.020627
50.260;-1.380692;-0.010307
50.270;-1.356081;-0.001309
50.280;-1.332563;0.007433
50.290;-1.310338;0.016619
50.300;-1.289429;0.026474
50.310;-1.269677;0.036771
50.320;-1.250859;0.046951
50.330;-1.232885;0.056253
50.340;-1.215959;0.063847
50.350;-1.200638;0.068915
50.360;-1.187757;0.070733
50.370;-1.178286;0.068793
50.380;-1.173163;0.062987
50.390;-1.173161;0.053750
50.400;-1.178778;0.042056
50.410;-1.190154;0.029238
50.420;-1.207023;0.016675
50.430;-1.228728;0.005481
50.440;-1.254310;-0.003701
50.450;-1.282675;-0.010744
50.460;-1.312803;-0.015908
50.470;-1.343928;-0.019598
50.480;-1.375635;-0.022120
50.490;-1.407832;-0.023544
50.500;-1.440625;-0.023716
50.510;-1.474152;-0.022414
50.520;-1.508443;-0.019538
50.530;-1.543355;-0.015250
50.540;-1.578594;-0.009987
50.550;-1.613793;-0.004331
50.560;-1.648602;0.001214
50.570;-1.682763;0.006423
50.580;-1.716134;0.011416
50.590;-1.748665;0.016530
50.600;-1.780329;0.022075
50.610;-1.811057;0.028105
50.620;-1.840709;0.034329
50.630;-1.869121;0.040200
50.640;-1.896192;0.045094
50.650;-1.921998;0.048487
50.660;-1.946855;0.050055
50.670;-1.971285;0.049719
50.680;-1.995895;0.047624
50.690;-2.021204;0.044087
50.700;-2.047501;0.039531
50.710;-2.074775;0.034410
50.720;-2.102711;0.029163
50.730;-2.130751;0.024200
50.740;-2.158189;0.019867
50.750;-2.184302;0.016402
50.760;-2.208486;0.013877
50.770;-2.230349;0.012176
50.780;-2.249694;0.011043
50.790;-2.266385;0.010195
50.800;-2.280134;0.009463
50.810;-2.290338;0.008901
50.820;-2.296074;0.008805
50.830;-2.296303;0.009602
50.840;-2.290236;0.011655
50.850;-2.277721;0.015065
50.860;-2.259499;0.019584
50.870;-2.237233;0.024672
50.880;-2.213294;0.029644
50.890;-2.190346;0.033815
50.900;-2.170853;0.036609
50.910;-2.156631;0.037624
50.920;-2.148556;0.036698
50.930;-2.146461;0.033985
50.940;-2.149248;0.030009
50.950;-2.155165;0.025668
50.960;-2.162171;0.022141
50.970;-2.168269;0.020735
50.980;-2.171705;0.022679
50.990;-2.171020;0.028941
51.000;-2.165013;0.040098
51.010;-2.152703;0.056292
51.020;-2.133357;0.077264
51.030;-2.106569;0.102450
51.040;-2.072353;0.131104
51.050;-2.031161;0.162433
51.060;-1.983823;0.195690
51.070;-1.931436;0.230212
51.080;-1.875242;0.265387
51.090;-1.816569;0.300597
51.100;-1.756807;0.335201
51.110;-1.697390;0.368565
51.120;-1.639729;0.400158
51.130;-1.585137;0.429611
51.140;-1.534759;0.456727
51.150;-1.489533;0.481419
51.160;-1.450140;0.503655
51.170;-1.416901;0.523469
51.180;-1.389639;0.541039
51.190;-1.367577;0.556763
51.200;-1.349383;0.571272
51.210;-1.333411;0.585310
51.220;-1.318076;0.599545
51.230;-1.302222;0.614397
51.240;-1.285348;0.629942
51.250;-1.267600;0.645916
51.260;-1.249575;0.661785
51.270;-1.231985;0.676852
51.280;-1.215342;0.690394
51.290;-1.199736;0.701819
51.300;-1.184794;0.710824
51.310;-1.169821;0.717488
51.320;-1.154073;0.722246
51.330;-1.137055;0.725701
51.340;-1.118728;0.728347
51.350;-1.099598;0.730311
51.360;-1.080658;0.731273
51.370;-1.063229;0.730598
51.380;-1.048727;0.727662
51.390;-1.038409;0.722192
51.400;-1.033168;0.714459
51.410;-1.033421;0.705199
51.420;-1.039127;0.695282
51.430;-1.049898;0.685341
51.440;-1.065137;0.675580
51.450;-1.084126;0.665869
51.460;-1.106058;0.656003
51.470;-1.130017;0.645949
51.480;-1.154968;0.635928
51.490;-1.179810;0.626303
51.500;-1.203498;0.617373
51.510;-1.225205;0.609182
51.520;-1.244463;0.601475
51.530;-1.261216;0.593808
51.540;-1.275720;0.585794
51.550;-1.288344;0.577308
51.560;-1.299339;0.568549
51.570;-1.308716;0.559930
51.580;-1.316265;0.551867
51.590;-1.321732;0.544616
51.600;-1.325051;0.538223
51.610;-1.326529;0.532597
51.620;-1.326904;0.527613
51.630;-1.327222;0.523209
51.640;-1.328587;0.519431
51.650;-1.331865;0.516449
51.660;-1.337431;0.514534
51.670;-1.345077;0.513969
51.680;-1.354097;0.514920
51.690;-1.363528;0.517318
51.700;-1.372444;0.520865
51.710;-1.380175;0.525189
51.720;-1.386373;0.530093
51.730;-1.390960;0.535757
51.740;-1.394010;0.542755
51.750;-1.395645;0.551837
51.760;-1.395968;0.563569
51.770;-1.395010;0.578016
51.780;-1.392703;0.594642
51.790;-1.388885;0.612431
51.800;-1.383349;0.630156
51.810;-1.375944;0.646681
51.820;-1.366679;0.661195
51.830;-1.355776;0.673370
51.840;-1.343613;0.683406
51.850;-1.330554;0.691929
51.860;-1.316738;0.699756
51.870;-1.301931;0.707631
51.880;-1.285522;0.716054
51.890;-1.266658;0.725298
51.900;-1.244490;0.735518
51.910;-1.218426;0.746842
51.920;-1.188333;0.759332
51.930;-1.154621;0.772846
51.940;-1.118170;0.786907
51.950;-1.080150;0.800703
51.960;-1.041771;0.813245
51.970;-1.004034;0.823639
51.980;-0.967539;0.831353
51.990;-0.932395;0.836366
52.000;-0.898267;0.839162
52.010;-0.864552;0.840525
52.020;-0.830602;0.841267
52.030;-0.795904;0.841961
52.040;-0.760164;0.842826
52.050;-0.723299;0.843729
52.060;-0.685372;0.844288
52.070;-0.646487;0.844005
52.080;-0.606683;0.842391
52.090;-0.565849;0.839060
52.100;-0.523696;0.833753
52.110;-0.479802;0.826317
52.120;-0.433732;0.816670
52.130;-0.385177;0.804786
52.140;-0.334045;0.790716
52.150;-0.280497;0.774623
52.160;-0.224922;0.756785
52.170;-0.167901;0.737558
52.180;-0.110152;0.717290
52.190;-0.052453;0.696233
52.200;0.004411;0.674490
52.210;0.059678;0.652016
52.220;0.112621;0.628686
52.230;0.162595;0.604411
52.240;0.209151;0.579288
52.250;0.252192;0.553705
52.260;0.292069;0.528350
52.270;0.329571;0.504061
52.280;0.365754;0.481584
52.290;0.401661;0.461323
52.300;0.438016;0.443186
52.310;0.475016;0.426620
52.320;0.512290;0.410782
52.330;0.549069;0.394788
52.340;0.584508;0.377947
52.350;0.618050;0.359941
52.360;0.649664;0.340912
52.370;0.679859;0.321421
52.380;0.709438;0.302253
52.390;0.739097;0.284123
52.400;0.769060;0.267418
52.410;0.798904;0.252087
52.420;0.827644;0.237739
52.430;0.854022;0.223860
52.440;0.876862;0.210050
52.450;0.895388;0.196170
52.460;0.909410;0.182340
52.470;0.919374;0.168836
52.480;0.926241;0.155953
52.490;0.931239;0.143910
52.500;0.935557;0.132819
52.510;0.940087;0.122697
52.520;0.945323;0.113483
52.530;0.951410;0.105036
52.540;0.958293;0.097131
52.550;0.965853;0.089474
52.560;0.974005;0.081737
52.570;0.982734;0.073623
52.580;0.992070;0.064919
52.590;1.001987;0.055548
52.600;1.012273;0.045622
52.610;1.022413;0.035478
52.620;1.031584;0.025653
52.630;1.038766;0.016774
52.640;1.042932;0.009364
52.650;1.043211;0.003700
52.660;1.038997;-0.000222
52.670;1.029961;-0.002561
52.680;1.016042;-0.003428
52.690;0.997426;-0.002724
52.700;0.974532;-0.000109
52.710;0.947985;0.004873
52.720;0.918566;0.012588
52.730;0.887159;0.023154
52.740;0.854727;0.036362
52.750;0.822297;0.051722
52.760;0.790938;0.068559
52.770;0.761696;0.086124
52.780;0.735526;0.103686
52.790;0.713232;0.120615
52.800;0.695423;0.136453
52.810;0.682484;0.150986
52.820;0.674555;0.164289
52.830;0.671555;0.176710
52.840;0.673228;0.188771
52.850;0.679210;0.200983
52.860;0.689072;0.213650
52.870;0.702335;0.226770
52.880;0.718479;0.240070
52.890;0.736977;0.253150
52.900;0.757362;0.265608
52.910;0.779321;0.277053
52.920;0.802777;0.287015
52.930;0.827929;0.294838
52.940;0.855223;0.299686
52.950;0.885243;0.300709
52.960;0.918539;0.297286
52.970;0.955437;0.289178
52.980;0.995869;0.276513
52.990;1.039271;0.259613
53.000;1.084615;0.238817
53.010;1.130566;0.214378
53.020;1.175733;0.186523
53.030;1.218905;0.155581
53.040;1.259205;0.122136
53.050;1.296123;0.087082
53.060;1.329469;0.051553
53.070;1.359254;0.016733
53.080;1.385566;-0.016383
53.090;1.408458;-0.047200
53.100;1.427901;-0.075649
53.110;1.443832;-0.102182
53.120;1.456276;-0.127652
53.130;1.465497;-0.153088
53.140;1.472087;-0.179451
53.150;1.476977;-0.207411
53.160;1.481324;-0.237195
53.170;1.486332;-0.268528
53.180;1.493015;-0.300687
53.190;1.502008;-0.332644
53.200;1.513475;-0.363282
53.210;1.527166;-0.391640
53.220;1.542572;-0.417101
53.230;1.559126;-0.439473
53.240;1.576355;-0.458913
53.250;1.593965;-0.475746
53.260;1.611856;-0.490240
53.270;1.630101;-0.502458
53.280;1.648929;-0.512236
53.290;1.668684;-0.519302
53.300;1.689742;-0.523489
53.310;1.712375;-0.524952
53.320;1.736623;-0.524304
53.330;1.762243;-0.522574
53.340;1.788778;-0.520995
53.350;1.815712;-0.520680
53.360;1.842645;-0.522328
53.370;1.869421;-0.526070
53.380;1.896154;-0.531534
53.390;1.923141;-0.538071
53.400;1.950666;-0.545054
53.410;1.978775;-0.552125
53.420;2.007109;-0.559287
53.430;2.034867;-0.566811
53.440;2.060915;-0.575004
53.450;2.084030;-0.583928
53.460;2.103206;-0.593228
53.470;2.117932;-0.602153
53.480;2.128369;-0.609795
53.490;2.135343;-0.615445
53.500;2.140160;-0.618919
53.510;2.144309;-0.620727
53.520;2.149162;-0.622018
53.530;2.155821;-0.624329
53.540;2.165158;-0.629247
53.550;2.177992;-0.638097
53.560;2.195286;-0.651750
53.570;2.218240;-0.670541
53.580;2.248237;-0.694273
53.590;2.286680;-0.722288
53.600;2.334768;-0.753618
53.610;2.393287;-0.787197
53.620;2.462418;-0.822046
53.630;2.541612;-0.857357
53.640;2.629541;-0.892501
53.650;2.724139;-0.927012
53.660;2.822739;-0.960638
53.670;2.922298;-0.993407
53.680;3.019695;-1.025647
53.690;3.112044;-1.057887
53.700;3.196973;-1.090653
53.710;3.272771;-1.124212
53.720;3.338350;-1.158327
53.730;3.393046;-1.192119
53.740;3.436329;-1.224092
53.750;3.467579;-1.252343
53.760;3.486021;-1.274934
53.770;3.490876;-1.290303
53.780;3.481630;-1.297573
53.790;3.458298;-1.296660
53.800;3.421538;-1.288172
53.810;3.372566;-1.273177
53.820;3.312927;-1.252928
53.830;3.244229;-1.228623
53.840;3.167921;-1.201263
53.850;3.085190;-1.171648
53.860;2.996973;-1.140505
53.870;2.904094;-1.108655
53.880;2.807486;-1.077126
53.890;2.708468;-1.047114
53.900;2.608973;-1.019802
53.910;2.511638;-0.996092
53.920;2.419636;-0.976408
53.930;2.336247;-0.960670
53.940;2.264257;-0.948487
53.950;2.205419;-0.939418
53.960;2.160203;-0.933149
53.970;2.127921;-0.929489
53.980;2.107118;-0.928252
53.990;2.096017;-0.929152
54.000;2.092811;-0.931808
54.010;2.095722;-0.935857
54.020;2.102897;-0.941108
54.030;2.112276;-0.947640
54.040;2.121549;-0.955740
54.050;2.128260;-0.965698
54.060;2.130052;-0.977552
54.070;2.124994;-0.990923
54.080;2.111883;-1.005008
54.090;2.090433;-1.018719
54.100;2.061267;-1.030887
54.110;2.025731;-1.040464
54.120;1.985564;-1.046704
54.130;1.942528;-1.049291
54.140;1.898088;-1.048392
54.150;1.853222;-1.044596
54.160;1.808415;-1.038742
54.170;1.763806;-1.031692
54.180;1.719416;-1.024143
54.190;1.675336;-1.016553
54.200;1.631808;-1.009180
54.210;1.589215;-1.002222
54.220;1.548048;-0.995930
54.230;1.508883;-0.990657
54.240;1.472358;-0.986766
54.250;1.439142;-0.984477
54.260;1.409858;-0.983749
54.270;1.385004;-0.984258
54.280;1.364885;-0.985513
54.290;1.349577;-0.987021
54.300;1.338918;-0.988467
54.310;1.332510;-0.989847
54.320;1.329707;-0.991491
54.330;1.329638;-0.993962
54.340;1.331294;-0.997835
54.350;1.333708;-1.003458
54.360;1.336161;-1.010765
54.370;1.338362;-1.019206
54.380;1.340488;-1.027807
54.390;1.343094;-1.035357
54.400;1.346909;-1.040675
54.410;1.352612;-1.042890
54.420;1.360643;-1.041638
54.430;1.371104;-1.037101
54.440;1.383760;-1.029867
54.450;1.398112;-1.020700
54.460;1.413494;-1.010301
54.470;1.429150;-0.999176
54.480;1.444283;-0.987665
54.490;1.458069;-0.976081
54.500;1.469649;-0.964844
54.510;1.478139;-0.954496
54.520;1.482694;-0.945534
54.530;1.482644;-0.938165
54.540;1.477680;-0.932128
54.550;1.468054;-0.926698
54.560;1.454666;-0.920896
54.570;1.438997;-0.913795
54.580;1.422830;-0.904779
54.590;1.407851;-0.893631
54.600;1.395229;-0.880440
54.610;1.385361;-0.865424
54.620;1.377866;-0.848829
54.630;1.371842;-0.830961
54.640;1.366248;-0.812323
54.650;1.360241;-0.793700
54.660;1.353353;-0.776110
54.670;1.345474;-0.760578
54.680;1.336731;-0.747849
54.690;1.327341;-0.738151
54.700;1.317512;-0.731144
54.710;1.307407;-0.726038
54.720;1.297137;-0.721794
54.730;1.286719;-0.717304
54.740;1.275997;-0.711504
54.750;1.264561;-0.703459
54.760;1.251736;-0.692495
54.770;1.236666;-0.678344
54.780;1.218452;-0.661246
54.790;1.196251;-0.641860
54.800;1.169288;-0.620992
54.810;1.136836;-0.599262
54.820;1.098241;-0.576895
54.830;1.053022;-0.553760
54.840;1.000990;-0.529595
54.850;0.942314;-0.504281
54.860;0.877498;-0.478013
54.870;0.807298;-0.451288
54.880;0.732635;-0.424761
54.890;0.654554;-0.399015
54.900;0.574223;-0.374361
54.910;0.492926;-0.350727
54.920;0.411989;-0.327712
54.930;0.332671;-0.304834
54.940;0.256086;-0.281843
54.950;0.183263;-0.258951
54.960;0.115316;-0.236817
54.970;0.053636;-0.216287
54.980;-0.000081;-0.198054
54.990;-0.044061;-0.182423
55.000;-0.076885;-0.169308
55.010;-0.097909;-0.158407
55.020;-0.107476;-0.149425
55.030;-0.106817;-0.142221
55.040;-0.097738;-0.136806
55.050;-0.082238;-0.133249
55.060;-0.062178;-0.131539
55.070;-0.039090;-0.131488
55.080;-0.014124;-0.132698
55.090;0.011892;-0.134574
55.100;0.038319;-0.136395
55.110;0.064572;-0.137430
55.120;0.090039;-0.137058
55.130;0.114073;-0.134846
55.140;0.136094;-0.130571
55.150;0.155720;-0.124207
55.160;0.172875;-0.115901
55.170;0.187792;-0.105963
55.180;0.200908;-0.094860
55.190;0.212671;-0.083195
55.200;0.223375;-0.071637
55.210;0.233078;-0.060786
55.220;0.241651;-0.051024
55.230;0.248943;-0.042389
55.240;0.255017;-0.034544
55.250;0.260347;-0.026844
55.260;0.265886;-0.018522
55.270;0.272933;-0.008927
55.280;0.282820;0.002277
55.290;0.296551;0.015054
55.300;0.314515;0.029091
55.310;0.336392;0.043999
55.320;0.361246;0.059498
55.330;0.387779;0.075512
55.340;0.414629;0.092152
55.350;0.440660;0.109614
55.360;0.465140;0.128059
55.370;0.487777;0.147533
55.380;0.508560;0.167959
55.390;0.527496;0.189192
55.400;0.544313;0.211095
55.410;0.558290;0.233571
55.420;0.568286;0.256547
55.430;0.572986;0.279935
55.440;0.571262;0.303635
55.450;0.562472;0.327588
55.460;0.546545;0.351861
55.470;0.523833;0.376712
55.480;0.494813;0.402589
55.490;0.459821;0.430022
55.500;0.418955;0.459434
55.510;0.372198;0.490886
55.520;0.319661;0.523859
55.530;0.261834;0.557136
55.540;0.199728;0.588884
55.550;0.134867;0.616946
55.560;0.069182;0.639253
55.570;0.004851;0.654238
55.580;-0.055883;0.661127
55.590;-0.110892;0.660033
55.600;-0.158338;0.651856
55.610;-0.196839;0.638073
55.620;-0.225603;0.620483
55.630;-0.244525;0.600962
55.640;-0.254215;0.581211
55.650;-0.255926;0.562527
55.660;-0.251347;0.545629
55.670;-0.242280;0.530612
55.680;-0.230299;0.517043
55.690;-0.216536;0.504151
55.700;-0.201670;0.491037
55.710;-0.186104;0.476882
55.720;-0.170180;0.461126
55.730;-0.154308;0.443601
55.740;-0.138931;0.424565
55.750;-0.124351;0.404632
55.760;-0.110508;0.384610
55.770;-0.096847;0.365296
55.780;-0.082335;0.347278
55.790;-0.065675;0.330747
55.800;-0.045620;0.315415
55.810;-0.021278;0.300569
55.820;0.007735;0.285301
55.830;0.041325;0.268822
55.840;0.079078;0.250733
55.850;0.120439;0.231155
55.860;0.164810;0.210705
55.870;0.211544;0.190364
55.880;0.259882;0.171280
55.890;0.308886;0.154537
55.900;0.357457;0.140903
55.910;0.404432;0.130618
55.920;0.448739;0.123304
55.930;0.489516;0.118062
55.940;0.526145;0.113743
55.950;0.558225;0.109317
55.960;0.585518;0.104183
55.970;0.607949;0.098300
55.980;0.625643;0.092124
55.990;0.638952;0.086395
56.000;0.648429;0.081881
56.010;0.654719;0.079131
56.020;0.658416;0.078289
56.030;0.659932;0.079040
56.040;0.659439;0.080702
56.050;0.656876;0.082444
56.060;0.652010;0.083537
56.070;0.644523;0.083547
56.080;0.634137;0.082397
56.090;0.620749;0.080299
56.100;0.604551;0.077607
56.110;0.586062;0.074650
56.120;0.566074;0.071608
56.130;0.545512;0.068466
56.140;0.525262;0.065034
56.150;0.506012;0.061023
56.160;0.488129;0.056142
56.170;0.471590;0.050165
56.180;0.455998;0.042924
56.190;0.440673;0.034250
56.200;0.424776;0.023905
56.210;0.407455;0.011618
56.220;0.387969;-0.002786
56.230;0.365806;-0.019236
56.240;0.340761;-0.037378
56.250;0.312983;-0.056675
56.260;0.282970;-0.076577
56.270;0.251478;-0.096636
56.280;0.219360;-0.116543
56.290;0.187325;-0.136097
56.300;0.155730;-0.155204
56.310;0.124492;-0.173901
56.320;0.093172;-0.192402
56.330;0.061197;-0.211097
56.340;0.028151;-0.230495
56.350;-0.005973;-0.251103
56.360;-0.040625;-0.273286
56.370;-0.074705;-0.297110
56.380;-0.106758;-0.322241
56.390;-0.135286;-0.347912
56.400;-0.159076;-0.372990
56.410;-0.177411;-0.396128
56.420;-0.190106;-0.415992
56.430;-0.197418;-0.431530
56.440;-0.199905;-0.442236
56.450;-0.198331;-0.448350
56.460;-0.193606;-0.450874
56.470;-0.186746;-0.451372
56.480;-0.178785;-0.451579
56.490;-0.170650;-0.452967
56.500;-0.163018;-0.456421
56.510;-0.156225;-0.462118
56.520;-0.150258;-0.469613
56.530;-0.144843;-0.478054
56.540;-0.139559;-0.486442
56.550;-0.133953;-0.493882
56.560;-0.127578;-0.499803
56.570;-0.119979;-0.504130
56.580;-0.110671;-0.507329
56.590;-0.099172;-0.510269
56.600;-0.085122;-0.513900
56.610;-0.068466;-0.518891
56.620;-0.049556;-0.525438
56.630;-0.029105;-0.533358
56.640;-0.007968;-0.542425
56.650;0.013129;-0.552723
56.660;0.033746;-0.564809
56.670;0.053733;-0.579565
56.680;0.073105;-0.597842
56.690;0.091891;-0.620035
56.700;0.110034;-0.645809
56.710;0.127359;-0.674065
56.720;0.143619;-0.703172
56.730;0.158540;-0.731375
56.740;0.171820;-0.757232
56.750;0.183088;-0.779917
56.760;0.191861;-0.799290
56.770;0.197584;-0.815738
56.780;0.199773;-0.829869
56.790;0.198202;-0.842183
56.800;0.193026;-0.852878
56.810;0.184768;-0.861858
56.820;0.174193;-0.868931
56.830;0.162146;-0.874079
56.840;0.149410;-0.877637
56.850;0.136588;-0.880325
56.860;0.124011;-0.883130
56.870;0.111679;-0.887108
56.880;0.099288;-0.893156
56.890;0.086320;-0.901791
56.900;0.072173;-0.913034
56.910;0.056280;-0.926483
56.920;0.038193;-0.941555
56.930;0.017593;-0.957818
56.940;-0.005763;-0.975253
56.950;-0.032129;-0.994338
56.960;-0.061843;-1.015900
56.970;-0.095320;-1.040738
56.980;-0.132929;-1.069127
56.990;-0.174772;-1.100374
57.000;-0.220455;-1.132645
57.010;-0.268973;-1.163200
57.020;-0.318800;-1.189007
57.030;-0.368183;-1.207540
57.040;-0.415542;-1.217419
57.050;-0.459833;-1.218689
57.060;-0.500718;-1.212664
57.070;-0.538516;-1.201465
57.080;-0.573921;-1.187451
57.090;-0.607626;-1.172752
57.100;-0.639993;-1.159009
57.110;-0.670911;-1.147312
57.120;-0.699897;-1.138245
57.130;-0.726359;-1.131950
57.140;-0.749871;-1.128179
57.150;-0.770353;-1.126377
57.160;-0.788125;-1.125796
57.170;-0.803864;-1.125659
57.180;-0.818486;-1.125307
57.190;-0.832986;-1.124315
57.200;-0.848226;-1.122526
57.210;-0.864753;-1.120019
57.220;-0.882688;-1.116998
57.230;-0.901774;-1.113685
57.240;-0.921532;-1.110265
57.250;-0.941472;-1.106867
57.260;-0.961226;-1.103544
57.270;-0.980559;-1.100226
57.280;-0.999282;-1.096689
57.290;-1.017159;-1.092639
57.300;-1.033916;-1.087880
57.310;-1.049346;-1.082476
57.320;-1.063453;-1.076784
57.330;-1.076519;-1.071329
57.340;-1.089069;-1.066573
57.350;-1.101743;-1.062728
57.360;-1.115140;-1.059695
57.370;-1.129680;-1.057141
57.380;-1.145514;-1.054667
57.390;-1.162491;-1.051967
57.400;-1.180198;-1.048934
57.410;-1.198063;-1.045667
57.420;-1.215499;-1.042379
57.430;-1.232069;-1.039255
57.440;-1.247630;-1.036364
57.450;-1.262380;-1.033664
57.460;-1.276774;-1.031118
57.470;-1.291315;-1.028790
57.480;-1.306285;-1.026832
57.490;-1.321492;-1.025349
57.500;-1.336113;-1.024206
57.510;-1.348659;-1.022899
57.520;-1.357116;-1.020551
57.530;-1.359231;-1.016053
57.540;-1.352887;-1.008329
57.550;-1.336491;-0.996670
57.560;-1.309275;-0.981031
57.570;-1.271433;-0.962171
57.580;-1.224066;-0.941539
57.590;-1.168960;-0.920939
57.600;-1.108262;-0.902079
57.610;-1.044162;-0.886206
57.620;-0.978685;-0.873943
57.630;-0.913641;-0.865363
57.640;-0.850716;-0.860181
57.650;-0.791591;-0.857969
57.660;-0.737992;-0.858262
57.670;-0.691608;-0.860559
57.680;-0.653917;-0.864232
57.690;-0.625993;-0.868460
57.700;-0.608384;-0.872251
57.710;-0.601117;-0.874582
57.720;-0.603799;-0.874605
57.730;-0.615748;-0.871848
57.740;-0.636028;-0.866345
57.750;-0.663399;-0.858627
57.760;-0.696200;-0.849583
57.770;-0.732275;-0.840226
57.780;-0.769053;-0.831468
57.790;-0.803780;-0.823940
57.800;-0.833894;-0.817935
57.810;-0.857427;-0.813458
57.820;-0.873331;-0.810368
57.830;-0.881617;-0.808547
57.840;-0.883239;-0.808006
57.850;-0.879765;-0.808880
57.860;-0.872949;-0.811331
57.870;-0.864360;-0.815416
57.880;-0.855191;-0.821019
57.890;-0.846243;-0.827872
57.900;-0.838024;-0.835658
57.910;-0.830871;-0.844148
57.920;-0.825031;-0.853259
57.930;-0.820702;-0.863004
57.940;-0.818048;-0.873365
57.950;-0.817214;-0.884199
57.960;-0.818320;-0.895223
57.970;-0.821426;-0.906057
57.980;-0.826487;-0.916285
57.990;-0.833312;-0.925487
58.000;-0.841554;-0.933245
58.010;-0.850704;-0.939149
58.020;-0.860119;-0.942821
58.030;-0.869054;-0.943962
58.040;-0.876719;-0.942392
58.050;-0.882353;-0.938048
58.060;-0.885299;-0.930974
58.070;-0.885085;-0.921322
58.080;-0.881478;-0.909415
58.090;-0.874512;-0.895817
58.100;-0.864480;-0.881359
58.110;-0.851888;-0.867057
58.120;-0.837373;-0.853915
58.130;-0.821596;-0.842666
58.140;-0.805120;-0.833553
58.150;-0.788290;-0.826224
58.160;-0.771137;-0.819808
58.170;-0.753375;-0.813134
58.180;-0.734493;-0.805035
58.190;-0.713943;-0.794632
58.200;-0.691338;-0.781513
58.210;-0.666618;-0.765777
58.220;-0.640129;-0.747948
58.230;-0.612598;-0.728817
58.240;-0.585003;-0.709259
58.250;-0.558368;-0.690073
58.260;-0.533547;-0.671865
58.270;-0.511090;-0.654984
58.280;-0.491181;-0.639482
58.290;-0.473672;-0.625078
58.300;-0.458122;-0.611149
58.310;-0.443861;-0.596805
58.320;-0.430059;-0.581085
58.330;-0.415825;-0.563259
58.340;-0.400331;-0.543111
58.350;-0.382901;-0.521046
58.360;-0.363060;-0.497936
58.370;-0.340502;-0.474781
58.380;-0.315050;-0.452326
58.390;-0.286602;-0.430849
58.400;-0.255129;-0.410171
58.410;-0.220711;-0.389861
58.420;-0.183590;-0.369523
58.430;-0.144227;-0.349044
58.440;-0.103338;-0.328743
58.450;-0.061897;-0.309371
58.460;-0.021062;-0.291964
58.470;0.017964;-0.277572
58.480;0.054092;-0.266924
58.490;0.086481;-0.260126
58.500;0.114589;-0.256529
58.510;0.138157;-0.254826
58.520;0.157181;-0.253361
58.530;0.171866;-0.250565
58.540;0.182602;-0.245363
58.550;0.189937;-0.237430
58.560;0.194528;-0.227200
58.570;0.197063;-0.215609
58.580;0.198133;-0.203704
58.590;0.198117;-0.192302
58.600;0.197119;-0.181830
58.610;0.195021;-0.172360
58.620;0.191662;-0.163727
58.630;0.187084;-0.155634
58.640;0.181737;-0.147694
58.650;0.176535;-0.139443
58.660;0.172729;-0.130369
58.670;0.171657;-0.119992
58.680;0.174450;-0.108002
58.690;0.181791;-0.094367
58.700;0.193792;-0.079368
58.710;0.210016;-0.063495
58.720;0.229671;-0.047261
58.730;0.251892;-0.031003
58.740;0.275994;-0.014766
58.750;0.301589;0.001705
58.760;0.328549;0.018861
58.770;0.356873;0.037165
58.780;0.386558;0.056897
58.790;0.417488;0.078052
58.800;0.449354;0.100378
58.810;0.481596;0.123527
58.820;0.513365;0.147220
58.830;0.543539;0.171328
58.840;0.570811;0.195840
58.850;0.593875;0.220737
58.860;0.611674;0.245822
58.870;0.623608;0.270599
58.880;0.629622;0.294269
58.890;0.630150;0.315876
58.900;0.625926;0.334536
58.910;0.617750;0.349696
58.920;0.606267;0.361335
58.930;0.591835;0.370034
58.940;0.574487;0.376868
58.950;0.553992;0.383136
58.960;0.529983;0.390009
58.970;0.502118;0.398219
58.980;0.470241;0.407916
58.990;0.434532;0.418735
59.000;0.395599;0.430028
59.010;0.354510;0.441164
59.020;0.312730;0.451769
59.030;0.271976;0.461794
59.040;0.234042;0.471394
59.050;0.200618;0.480735
59.060;0.173146;0.489836
59.070;0.152700;0.498535
59.080;0.139892;0.506519
59.090;0.134771;0.513396
59.100;0.136755;0.518793
59.110;0.144648;0.522459
59.120;0.156782;0.524337
59.130;0.171284;0.524603
59.140;0.186356;0.523659
59.150;0.200524;0.522132
59.160;0.212787;0.520853
59.170;0.222658;0.520798
59.180;0.230091;0.522938
59.190;0.235313;0.528009
59.200;0.238633;0.536276
59.210;0.240316;0.547414
59.220;0.240529;0.560550
59.230;0.239344;0.574471
59.240;0.236737;0.587896
59.250;0.232593;0.599719
59.260;0.226725;0.609172
59.270;0.218928;0.615913
59.280;0.209050;0.620035
59.290;0.197042;0.622025
59.300;0.182973;0.622639
59.310;0.166979;0.622692
59.320;0.149203;0.622813
59.330;0.129741;0.623256
59.340;0.108630;0.623849
59.350;0.085860;0.624065
59.360;0.061396;0.623116
59.370;0.035190;0.620039
59.380;0.007194;0.613797
59.390;-0.022651;0.603461
59.400;-0.054453;0.588462
59.410;-0.088434;0.568844
59.420;-0.124953;0.545380
59.430;-0.164419;0.519469
59.440;-0.207108;0.492846
59.450;-0.252974;0.467177
59.460;-0.301553;0.443704
59.470;-0.352027;0.423086
59.480;-0.403383;0.405474
59.490;-0.454607;0.390756
59.500;-0.504804;0.378820
59.510;-0.553241;0.369715
59.520;-0.599324;0.363629
59.530;-0.642555;0.360766
59.540;-0.682499;0.361206
59.550;-0.718765;0.364832
59.560;-0.751013;0.371333
59.570;-0.778971;0.380237
59.580;-0.802478;0.390949
59.590;-0.821538;0.402813
59.600;-0.836369;0.415192
59.610;-0.847409;0.427577
59.620;-0.855287;0.439689
59.630;-0.860744;0.451518
59.640;-0.864561;0.463279
59.650;-0.867490;0.475329
59.660;-0.870226;0.488093
59.670;-0.873413;0.502034
59.680;-0.877666;0.517606
59.690;-0.883565;0.535158
59.700;-0.891590;0.554782
59.710;-0.902024;0.576196
59.720;-0.914872;0.598719
59.730;-0.929830;0.621364
59.740;-0.946329;0.643025
59.750;-0.963664;0.662717
59.760;-0.981155;0.679820
59.770;-0.998315;0.694274
59.780;-1.014911;0.706633
59.790;-1.030891;0.717949
59.800;-1.046210;0.729516
59.810;-1.060612;0.742575
59.820;-1.073481;0.758079
59.830;-1.083819;0.776586
59.840;-1.090365;0.798281
59.850;-1.091881;0.823076
59.860;-1.087532;0.850702
59.870;-1.077259;0.880697
59.880;-1.061991;0.912267
59.890;-1.043577;0.944140
59.900;-1.024399;0.974592
59.910;-1.006735;1.001799
59.920;-0.992016;1.024511
59.930;-0.980186;1.042858
59.940;-0.969406;1.058955
59.950;-0.956275;1.076917
59.960;-0.936674;1.101995
59.970;-0.907095;1.138882
59.980;-0.866092;1.189726
59.990;-0.815227;1.252768
60.000;-0.758957;1.322458
