Time[s];COPx[cm];COPy[cm]
0.010;-3.715210;0.344816
0.020;-3.704629;0.356238
0.030;-3.692607;0.367566
0.040;-3.677880;0.378697
0.050;-3.659494;0.389553
0.060;-3.636997;0.400080
0.070;-3.610594;0.410252
0.080;-3.581215;0.420087
0.090;-3.550420;0.429646
0.100;-3.520171;0.439022
0.110;-3.492517;0.448291
0.120;-3.469272;0.457461
0.130;-3.451743;0.466433
0.140;-3.440568;0.474999
0.150;-3.435678;0.482906
0.160;-3.436401;0.489969
0.170;-3.441680;0.496184
0.180;-3.450349;0.501751
0.190;-3.461376;0.506983
0.200;-3.474032;0.512133
0.210;-3.487908;0.517245
0.220;-3.502819;0.522148
0.230;-3.518659;0.526612
0.240;-3.535286;0.530533
0.250;-3.552480;0.533999
0.260;-3.569999;0.537189
0.270;-3.587670;0.540210
0.280;-3.605478;0.543014
0.290;-3.623583;0.545457
0.300;-3.642228;0.547461
0.310;-3.661566;0.549135
0.320;-3.681482;0.550782
0.330;-3.701501;0.552764
0.340;-3.720847;0.555295
0.350;-3.738653;0.558278
0.360;-3.754234;0.561328
0.370;-3.767321;0.563963
0.380;-3.778167;0.565877
0.390;-3.787492;0.567091
0.400;-3.796266;0.567925
0.410;-3.805402;0.568792
0.420;-3.815430;0.569959
0.430;-3.826275;0.571406
0.440;-3.837245;0.572851
0.450;-3.847243;0.573925
0.460;-3.855111;0.574352
0.470;-3.859977;0.574044
0.480;-3.861472;0.573028
0.490;-3.859777;0.571305
0.500;-3.855537;0.568730
0.510;-3.849657;0.565009
0.520;-3.843058;0.559790
0.530;-3.836427;0.552795
0.540;-3.830058;0.543927
0.550;-3.823836;0.533312
0.560;-3.817349;0.521324
0.570;-3.810051;0.508569
0.580;-3.801403;0.495833
0.590;-3.790952;0.483940
0.600;-3.778376;0.473584
0.610;-3.763550;0.465159
0.620;-3.746636;0.458685
0.630;-3.728149;0.453842
0.640;-3.708955;0.450084
0.650;-3.690112;0.446803
0.660;-3.672588;0.443480
0.670;-3.656958;0.439797
0.680;-3.643217;0.435714
0.690;-3.630812;0.431487
0.700;-3.618865;0.427641
0.710;-3.606509;0.424877
0.720;-3.593170;0.423939
0.730;-3.578734;0.425427
0.740;-3.563546;0.429630
0.750;-3.548325;0.436407
0.760;-3.534027;0.445203
0.770;-3.521711;0.455175
0.780;-3.512407;0.465429
0.790;-3.506976;0.475265
0.800;-3.505967;0.484365
0.810;-3.509517;0.492869
0.820;-3.517297;0.501296
0.830;-3.528557;0.510318
0.840;-3.542267;0.520487
0.850;-3.557327;0.532001
0.860;-3.572798;0.544625
0.870;-3.588058;0.557765
0.880;-3.602849;0.570659
0.890;-3.617216;0.582588
0.900;-3.631367;0.593015
0.910;-3.645536;0.601635
0.920;-3.659882;0.608325
0.930;-3.674422;0.613083
0.940;-3.689002;0.616020
0.950;-3.703300;0.617420
0.960;-3.716871;0.617779
0.970;-3.729223;0.617755
0.980;-3.739914;0.618009
0.990;-3.748606;0.618999
1.000;-3.755087;0.620823
1.010;-3.759260;0.623187
1.020;-3.761127;0.625521
1.030;-3.760782;0.627193
1.040;-3.758399;0.627729
1.050;-3.754209;0.626953
1.060;-3.748457;0.624988
1.070;-3.741381;0.622159
1.080;-3.733231;0.618849
1.090;-3.724324;0.615372
1.100;-3.715056;0.611914
1.110;-3.705857;0.608562
1.120;-3.697072;0.605357
1.130;-3.688866;0.602343
1.140;-3.681185;0.599566
1.150;-3.673832;0.597061
1.160;-3.666595;0.594844
1.170;-3.659360;0.592934
1.180;-3.652172;0.591370
1.190;-3.645201;0.590234
1.200;-3.638652;0.589644
1.210;-3.632629;0.589733
1.220;-3.627026;0.590616
1.230;-3.621498;0.592382
1.240;-3.615544;0.595092
1.250;-3.608662;0.598789
1.260;-3.600516;0.603490
1.270;-3.591026;0.609158
1.280;-3.580359;0.615683
1.290;-3.568810;0.622909
1.300;-3.556656;0.630698
1.310;-3.544068;0.639007
1.320;-3.531138;0.647920
1.330;-3.518010;0.657598
1.340;-3.505065;0.668174
1.350;-3.493043;0.679648
1.360;-3.483000;0.691850
1.370;-3.476090;0.704479
1.380;-3.473247;0.717178
1.390;-3.474933;0.729614
1.400;-3.481042;0.741533
1.410;-3.490989;0.752776
1.420;-3.503892;0.763263
1.430;-3.518769;0.772955
1.440;-3.534673;0.781833
1.450;-3.550746;0.789893
1.460;-3.566229;0.797143
1.470;-3.580490;0.803600
1.480;-3.593131;0.809252
1.490;-3.604137;0.814025
1.500;-3.614012;0.817754
1.510;-3.623754;0.820187
1.520;-3.634630;0.821055
1.530;-3.647779;0.820185
1.540;-3.663805;0.817648
1.550;-3.682511;0.813841
1.560;-3.702890;0.809454
1.570;-3.723370;0.805308
1.580;-3.742226;0.802120
1.590;-3.758024;0.800295
1.600;-3.769994;0.799826
1.610;-3.778208;0.800336
1.620;-3.783508;0.801227
1.630;-3.787193;0.801884
1.640;-3.790578;0.801825
1.650;-3.794578;0.800769
1.660;-3.799473;0.798598
1.670;-3.804901;0.795298
1.680;-3.810060;0.790925
1.690;-3.814043;0.785618
1.700;-3.816165;0.779626
1.710;-3.816184;0.773301
1.720;-3.814338;0.766992
1.730;-3.811236;0.760880
1.740;-3.807641;0.754830
1.750;-3.804268;0.748367
1.760;-3.801646;0.740824
1.770;-3.800099;0.731605
1.780;-3.799795;0.720435
1.790;-3.800776;0.707498
1.800;-3.802931;0.693393
1.810;-3.805945;0.678966
1.820;-3.809268;0.665067
1.830;-3.812164;0.652363
1.840;-3.813833;0.641214
1.850;-3.813565;0.631631
1.860;-3.810915;0.623300
1.870;-3.805840;0.615693
1.880;-3.798762;0.608234
1.890;-3.790524;0.600522
1.900;-3.782219;0.592502
1.910;-3.774942;0.584540
1.920;-3.769537;0.577318
1.930;-3.766409;0.571594
1.940;-3.765465;0.567906
1.950;-3.766192;0.566380
1.960;-3.767845;0.566700
1.970;-3.769690;0.568227
1.980;-3.771212;0.570206
1.990;-3.772231;0.572009
2.000;-3.772888;0.573336
2.010;-3.773521;0.574302
2.020;-3.774485;0.575342
2.030;-3.776002;0.576970
2.040;-3.778049;0.579482
2.050;-3.780321;0.582792
2.060;-3.782236;0.586490
2.070;-3.783023;0.590072
2.080;-3.781878;0.593194
2.090;-3.778185;0.595807
2.100;-3.771702;0.598122
2.110;-3.762687;0.600479
2.120;-3.751877;0.603206
2.130;-3.740358;0.606525
2.140;-3.729313;0.610507
2.150;-3.719704;0.615077
2.160;-3.711993;0.620063
2.170;-3.705998;0.625266
2.180;-3.700991;0.630523
2.190;-3.695979;0.635737
2.200;-3.690058;0.640852
2.210;-3.682684;0.645802
2.220;-3.673781;0.650468
2.230;-3.663676;0.654693
2.240;-3.652914;0.658355
2.250;-3.642007;0.661449
2.260;-3.631229;0.664137
2.270;-3.620536;0.666736
2.280;-3.609658;0.669624
2.290;-3.598298;0.673106
2.300;-3.586344;0.677294
2.310;-3.573983;0.682070
2.320;-3.561677;0.687145
2.330;-3.550022;0.692186
2.340;-3.539581;0.696950
2.350;-3.530752;0.701394
2.360;-3.523693;0.705711
2.370;-3.518311;0.710264
2.380;-3.514273;0.715445
2.390;-3.511055;0.721502
2.400;-3.508039;0.728415
2.410;-3.504643;0.735865
2.420;-3.500477;0.743280
2.430;-3.495450;0.749982
2.440;-3.489775;0.755382
2.450;-3.483859;0.759153
2.460;-3.478129;0.761313
2.470;-3.472891;0.762162
2.480;-3.468275;0.762116
2.490;-3.464292;0.761531
2.500;-3.460921;0.760601
2.510;-3.458196;0.759363
2.520;-3.456232;0.757758
2.530;-3.455161;0.755700
2.540;-3.454997;0.753102
2.550;-3.455512;0.749874
2.560;-3.456216;0.745917
2.570;-3.456521;0.741136
2.580;-3.456009;0.735476
2.590;-3.454675;0.728977
2.600;-3.452991;0.721809
2.610;-3.451756;0.714254
2.620;-3.451804;0.706620
2.630;-3.453709;0.699121
2.640;-3.457613;0.691774
2.650;-3.463249;0.684363
2.660;-3.470112;0.676492
2.670;-3.477676;0.667750
2.680;-3.485519;0.657912
2.690;-3.493338;0.647109
2.700;-3.500888;0.635858
2.710;-3.507918;0.624914
2.720;-3.514171;0.614999
2.730;-3.519446;0.606505
2.740;-3.523712;0.599325
2.750;-3.527220;0.592886
2.760;-3.530530;0.586414
2.770;-3.534407;0.579300
2.780;-3.539572;0.571402
2.790;-3.546381;0.563130
2.800;-3.554580;0.555287
2.810;-3.563242;0.548769
2.820;-3.570949;0.544241
2.830;-3.576140;0.541946
2.840;-3.577490;0.541713
2.850;-3.574149;0.543137
2.860;-3.565784;0.545834
2.870;-3.552469;0.549627
2.880;-3.534560;0.554570
2.890;-3.512612;0.560842
2.900;-3.487330;0.568555
2.910;-3.459516;0.577615
2.920;-3.430013;0.587667
2.930;-3.399673;0.598192
2.940;-3.369393;0.608695
2.950;-3.340170;0.618913
2.960;-3.313105;0.628888
2.970;-3.289309;0.638857
2.980;-3.269690;0.649002
2.990;-3.254745;0.659234
3.000;-3.244435;0.669168
3.010;-3.238231;0.678296
3.020;-3.235312;0.686264
3.030;-3.234822;0.693059
3.040;-3.236086;0.699050
3.050;-3.238721;0.704824
3.060;-3.242595;0.710940
3.070;-3.247684;0.717710
3.080;-3.253898;0.725087
3.090;-3.260966;0.732708
3.100;-3.268458;0.740033
3.110;-3.275908;0.746538
3.120;-3.283001;0.751896
3.130;-3.289694;0.756089
3.140;-3.296218;0.759418
3.150;-3.302957;0.762388
3.160;-3.310261;0.765513
3.170;-3.318306;0.769133
3.180;-3.327048;0.773341
3.190;-3.336320;0.778017
3.200;-3.345984;0.782924
3.210;-3.356076;0.787790
3.220;-3.366813;0.792344
3.230;-3.378490;0.796329
3.240;-3.391308;0.799520
3.250;-3.405267;0.801759
3.260;-3.420165;0.803030
3.270;-3.435681;0.803514
3.280;-3.451493;0.803602
3.290;-3.467346;0.803819
3.300;-3.483073;0.804692
3.310;-3.498574;0.806593
3.320;-3.513783;0.809646
3.330;-3.528646;0.813719
3.340;-3.543119;0.818486
3.350;-3.557189;0.823526
3.360;-3.570892;0.828392
3.370;-3.584308;0.832671
3.380;-3.597511;0.836030
3.390;-3.610507;0.838283
3.400;-3.623208;0.839481
3.410;-3.635458;0.839944
3.420;-3.647113;0.840215
3.430;-3.658093;0.840890
3.440;-3.668418;0.842403
3.450;-3.678197;0.844842
3.460;-3.687597;0.847870
3.470;-3.696794;0.850806
3.480;-3.705924;0.852817
3.490;-3.715048;0.853166
3.500;-3.724159;0.851410
3.510;-3.733220;0.847509
3.520;-3.742208;0.841841
3.530;-3.751127;0.835095
3.540;-3.759985;0.828085
3.550;-3.768741;0.821515
3.560;-3.777248;0.815786
3.570;-3.785212;0.810881
3.580;-3.792206;0.806373
3.590;-3.797709;0.801562
3.600;-3.801171;0.795681
3.610;-3.802077;0.788147
3.620;-3.800011;0.778762
3.630;-3.794700;0.767805
3.640;-3.786069;0.755975
3.650;-3.774295;0.744205
3.660;-3.759851;0.733413
3.670;-3.743491;0.724273
3.680;-3.726126;0.717067
3.690;-3.708588;0.711669
3.700;-3.691372;0.707665
3.710;-3.674491;0.704557
3.720;-3.657513;0.701968
3.730;-3.639785;0.699764
3.740;-3.620704;0.698061
3.750;-3.599921;0.697120
3.760;-3.577404;0.697228
3.770;-3.553378;0.698630
3.780;-3.528216;0.701552
3.790;-3.502338;0.706246
3.800;-3.476128;0.712989
3.810;-3.449838;0.721974
3.820;-3.423498;0.733158
3.830;-3.396883;0.746125
3.840;-3.369626;0.760075
3.850;-3.341471;0.773993
3.860;-3.312556;0.786962
3.870;-3.283591;0.798480
3.880;-3.255816;0.808626
3.890;-3.230748;0.818003
3.900;-3.209827;0.827459
3.910;-3.194047;0.837712
3.920;-3.183705;0.849040
3.930;-3.178334;0.861155
3.940;-3.176838;0.873345
3.950;-3.177756;0.884814
3.960;-3.179569;0.895045
3.970;-3.180958;0.903992
3.980;-3.180952;0.912007
3.990;-3.178960;0.919570
4.000;-3.174695;0.927010
4.010;-3.168034;0.934376
4.020;-3.158899;0.941495
4.030;-3.147195;0.948145
4.040;-3.132854;0.954232
4.050;-3.115953;0.959874
4.060;-3.096835;0.965367
4.070;-3.076151;0.971057
4.080;-3.054752;0.977186
4.090;-3.033493;0.983794
4.100;-3.013029;0.990693
4.110;-2.993715;0.997547
4.120;-2.975611;1.004007
4.130;-2.958571;1.009876
4.140;-2.942318;1.015213
4.150;-2.926509;1.020319
4.160;-2.910786;1.025601
4.170;-2.894838;1.031389
4.180;-2.878468;1.037816
4.190;-2.861606;1.044800
4.200;-2.844269;1.052120
4.210;-2.826507;1.059516
4.220;-2.808408;1.066747
4.230;-2.790190;1.073618
4.240;-2.772338;1.079979
4.250;-2.755657;1.085711
4.260;-2.741167;1.090742
4.270;-2.729845;1.095065
4.280;-2.722336;1.098782
4.290;-2.718736;1.102156
4.300;-2.718527;1.105628
4.310;-2.720657;1.109762
4.320;-2.723749;1.115090
4.330;-2.726415;1.121905
4.340;-2.727582;1.130071
4.350;-2.726731;1.138953
4.360;-2.723975;1.147534
4.370;-2.719928;1.154703
4.380;-2.715418;1.159608
4.390;-2.711178;1.161932
4.400;-2.707608;1.161986
4.410;-2.704729;1.160584
4.420;-2.702283;1.158781
4.430;-2.699930;1.157576
4.440;-2.697409;1.157702
4.450;-2.694625;1.159540
4.460;-2.691632;1.163137
4.470;-2.688574;1.168272
4.480;-2.685598;1.174502
4.490;-2.682772;1.181230
4.500;-2.680048;1.187786
4.510;-2.677271;1.193561
4.520;-2.674254;1.198150
4.530;-2.670865;1.201450
4.540;-2.667090;1.203673
4.550;-2.663056;1.205223
4.560;-2.659023;1.206504
4.570;-2.655366;1.207744
4.580;-2.652538;1.208932
4.590;-2.650998;1.209881
4.600;-2.651085;1.210351
4.610;-2.652903;1.210168
4.620;-2.656233;1.209274
4.630;-2.660549;1.207719
4.640;-2.665144;1.205602
4.650;-2.669367;1.203010
4.660;-2.672872;1.199964
4.670;-2.675786;1.196416
4.680;-2.678715;1.192282
4.690;-2.682575;1.187511
4.700;-2.688310;1.182172
4.710;-2.696596;1.176516
4.720;-2.707652;1.170969
4.730;-2.721195;1.166046
4.740;-2.736568;1.162215
4.750;-2.752974;1.159741
4.760;-2.769739;1.158572
4.770;-2.786504;1.158308
4.780;-2.803277;1.158306
4.790;-2.820327;1.157899
4.800;-2.837954;1.156626
4.810;-2.856245;1.154369
4.820;-2.874919;1.151343
4.830;-2.893322;1.147966
4.840;-2.910575;1.144690
4.850;-2.925825;1.141866
4.860;-2.938482;1.139676
4.870;-2.948337;1.138140
4.880;-2.955519;1.137151
4.890;-2.960327;1.136535
4.900;-2.963062;1.136060
4.910;-2.963957;1.135432
4.920;-2.963229;1.134305
4.930;-2.961172;1.132353
4.940;-2.958201;1.129384
4.950;-2.954764;1.125396
4.960;-2.951201;1.120526
4.970;-2.947625;1.114923
4.980;-2.943940;1.108648
4.990;-2.939962;1.101637
5.000;-2.935576;1.093757
5.010;-2.930841;1.084909
5.020;-2.925990;1.075117
5.030;-2.921376;1.064551
5.040;-2.917388;1.053449
5.050;-2.914375;1.041972
5.060;-2.912587;1.030097
5.070;-2.912156;1.017620
5.080;-2.913105;1.004286
5.090;-2.915383;0.989967
5.100;-2.918886;0.974767
5.110;-2.923462;0.959007
5.120;-2.928870;0.943104
5.130;-2.934757;0.927454
5.140;-2.940686;0.912344
5.150;-2.946244;0.897954
5.160;-2.951210;0.884392
5.170;-2.955677;0.871734
5.180;-2.960059;0.860034
5.190;-2.964916;0.849290
5.200;-2.970676;0.839452
5.210;-2.977352;0.830469
5.220;-2.984406;0.822374
5.230;-2.990809;0.815324
5.240;-2.995286;0.809572
5.250;-2.996660;0.805382
5.260;-2.994163;0.802934
5.270;-2.987629;0.802241
5.280;-2.977508;0.803108
5.290;-2.964713;0.805138
5.300;-2.950388;0.807817
5.310;-2.935664;0.810649
5.320;-2.921524;0.813287
5.330;-2.908757;0.815602
5.340;-2.897995;0.817667
5.350;-2.889737;0.819678
5.360;-2.884337;0.821827
5.370;-2.881940;0.824168
5.380;-2.882434;0.826529
5.390;-2.885447;0.828512
5.400;-2.890419;0.829603
5.410;-2.896724;0.829326
5.420;-2.903796;0.827404
5.430;-2.911254;0.823880
5.440;-2.918957;0.819149
5.450;-2.926979;0.813871
5.460;-2.935494;0.808780
5.470;-2.944625;0.804430
5.480;-2.954329;0.800983
5.490;-2.964369;0.798136
5.500;-2.974397;0.795232
5.510;-2.984088;0.791518
5.520;-2.993262;0.786422
5.530;-3.001931;0.779717
5.540;-3.010251;0.771525
5.550;-3.018432;0.762196
5.560;-3.026649;0.752135
5.570;-3.034996;0.741658
5.580;-3.043479;0.730920
5.590;-3.052010;0.719933
5.600;-3.060417;0.708630
5.610;-3.068447;0.696941
5.620;-3.075812;0.684813
5.630;-3.082243;0.672196
5.640;-3.087545;0.658997
5.650;-3.091651;0.645092
5.660;-3.094662;0.630392
5.670;-3.096885;0.614975
5.680;-3.098811;0.599176
5.690;-3.101034;0.583565
5.700;-3.104084;0.568782
5.710;-3.108240;0.555336
5.720;-3.113371;0.543463
5.730;-3.118879;0.533126
5.740;-3.123801;0.524145
5.750;-3.127083;0.516375
5.760;-3.127939;0.509836
5.770;-3.126151;0.504709
5.780;-3.122174;0.501209
5.790;-3.116975;0.499399
5.800;-3.111688;0.499028
5.810;-3.107197;0.499512
5.820;-3.103843;0.500070
5.830;-3.101352;0.500007
5.840;-3.099006;0.498994
5.850;-3.095971;0.497207
5.860;-3.091646;0.495247
5.870;-3.085899;0.493883
5.880;-3.079114;0.493767
5.890;-3.072053;0.495233
5.900;-3.065612;0.498253
5.910;-3.060537;0.502532
5.920;-3.057203;0.507657
5.930;-3.055508;0.513254
5.940;-3.054898;0.519075
5.950;-3.054518;0.525035
5.960;-3.053420;0.531192
5.970;-3.050791;0.537694
5.980;-3.046130;0.544724
5.990;-3.039319;0.552453
6.000;-3.030572;0.561007
6.010;-3.020296;0.570426
6.020;-3.008939;0.580606
6.030;-2.996904;0.591240
6.040;-2.984562;0.601839
6.050;-2.972286;0.611838
6.060;-2.960421;0.620769
6.070;-2.949178;0.628423
6.080;-2.938528;0.634892
6.090;-2.928191;0.640485
6.100;-2.917761;0.645530
6.110;-2.906932;0.650194
6.120;-2.895715;0.654405
6.130;-2.884533;0.657923
6.140;-2.874137;0.660478
6.150;-2.865358;0.661884
6.160;-2.858770;0.662056
6.170;-2.854386;0.660925
6.180;-2.851481;0.658313
6.190;-2.848649;0.653826
6.200;-2.844088;0.646880
6.210;-2.836042;0.636877
6.220;-2.823269;0.623463
6.230;-2.805392;0.606749
6.240;-2.783025;0.587395
6.250;-2.757645;0.566527
6.260;-2.731241;0.545529
6.270;-2.705872;0.525788
6.280;-2.683243;0.508424
6.290;-2.664429;0.494095
6.300;-2.649787;0.482923
6.310;-2.639050;0.474560
6.320;-2.631552;0.468358
6.330;-2.626470;0.463572
6.340;-2.623006;0.459541
6.350;-2.620452;0.455817
6.360;-2.618176;0.452208
6.370;-2.615615;0.448755
6.380;-2.612303;0.445666
6.390;-2.607950;0.443253
6.400;-2.602489;0.441861
6.410;-2.596060;0.441781
6.420;-2.588923;0.443155
6.430;-2.581382;0.445929
6.440;-2.573777;0.449911
6.450;-2.566529;0.454928
6.460;-2.560158;0.461016
6.470;-2.555190;0.468522
6.480;-2.551972;0.478074
6.490;-2.550468;0.490415
6.500;-2.550143;0.506191
6.510;-2.549981;0.525722
6.520;-2.548656;0.548835
6.530;-2.544801;0.574833
6.540;-2.537334;0.602647
6.550;-2.525757;0.631146
6.560;-2.510306;0.659452
6.570;-2.491890;0.687153
6.580;-2.471841;0.714289
6.590;-2.451601;0.741145
6.600;-2.432476;0.767939
6.610;-2.415545;0.794564
6.620;-2.401674;0.820503
6.630;-2.391555;0.844987
6.640;-2.385686;0.867343
6.650;-2.384284;0.887354
6.660;-2.387194;0.905454
6.670;-2.393881;0.922628
6.680;-2.403502;0.940048
6.690;-2.415075;0.958615
6.700;-2.427674;0.978625
6.710;-2.440589;0.999693
6.720;-2.453407;1.020923
6.730;-2.466008;1.041219
6.740;-2.478524;1.059577
6.750;-2.491308;1.075322
6.760;-2.504901;1.088250
6.770;-2.519956;1.098659
6.780;-2.537112;1.107229
6.790;-2.556803;1.114789
6.800;-2.579101;1.122029
6.810;-2.603636;1.129274
6.820;-2.629670;1.136427
6.830;-2.656297;1.143048
6.840;-2.682684;1.148539
6.850;-2.708262;1.152327
6.860;-2.732773;1.153988
6.870;-2.756209;1.153319
6.880;-2.778686;1.150363
6.890;-2.800372;1.145393
6.900;-2.821483;1.138850
6.910;-2.842348;1.131244
6.920;-2.863438;1.123026
6.930;-2.885322;1.114479
6.940;-2.908555;1.105646
6.950;-2.933560;1.096337
6.960;-2.960557;1.086201
6.970;-2.989535;1.074864
6.980;-3.020247;1.062058
6.990;-3.052199;1.047724
7.000;-3.084638;1.032030
7.010;-3.116577;1.015329
7.020;-3.146906;0.998078
7.030;-3.174574;0.980728
7.040;-3.198782;0.963614
7.050;-3.219124;0.946920
7.060;-3.235591;0.930730
7.070;-3.248460;0.915154
7.080;-3.258098;0.900439
7.090;-3.264779;0.886993
7.100;-3.268582;0.875316
7.110;-3.269411;0.865871
7.120;-3.267101;0.858959
7.130;-3.261588;0.854646
7.140;-3.253052;0.852767
7.150;-3.242013;0.853002
7.160;-3.229295;0.855015
7.170;-3.215893;0.858592
7.180;-3.202766;0.863676
7.190;-3.190621;0.870292
7.200;-3.179795;0.878410
7.210;-3.170234;0.887877
7.220;-3.161599;0.898450
7.230;-3.153449;0.909872
7.240;-3.145444;0.921914
7.250;-3.137492;0.934370
7.260;-3.129784;0.947022
7.270;-3.122706;0.959624
7.280;-3.116677;0.971918
7.290;-3.111983;0.983649
7.300;-3.108657;0.994577
7.310;-3.106448;1.004504
7.320;-3.104902;1.013311
7.330;-3.103507;1.020991
7.340;-3.101876;1.027633
7.350;-3.099892;1.033350
7.360;-3.097757;1.038174
7.370;-3.095906;1.041985
7.380;-3.094829;1.044525
7.390;-3.094859;1.045507
7.400;-3.096023;1.044762
7.410;-3.098014;1.042342
7.420;-3.100315;1.038502
7.430;-3.102406;1.033582
7.440;-3.103971;1.027834
7.450;-3.104995;1.021307
7.460;-3.105721;1.013850
7.470;-3.106507;1.005215
7.480;-3.107663;0.995212
7.490;-3.109363;0.983831
7.500;-3.111639;0.971284
7.510;-3.114434;0.957961
7.520;-3.117665;0.944322
7.530;-3.121241;0.930759
7.540;-3.125043;0.917495
7.550;-3.128912;0.904534
7.560;-3.132661;0.891706
7.570;-3.136122;0.878749
7.580;-3.139188;0.865388
7.590;-3.141829;0.851403
7.600;-3.144074;0.836672
7.610;-3.145989;0.821201
7.620;-3.147665;0.805139
7.630;-3.149208;0.788747
7.640;-3.150720;0.772317
7.650;-3.152254;0.756079
7.660;-3.153794;0.740121
7.670;-3.155253;0.724388
7.680;-3.156513;0.708760
7.690;-3.157444;0.693159
7.700;-3.157902;0.677602
7.710;-3.157685;0.662166
7.720;-3.156518;0.646905
7.730;-3.154076;0.631818
7.740;-3.150067;0.616905
7.750;-3.144321;0.602283
7.760;-3.136867;0.588274
7.770;-3.127957;0.575380
7.780;-3.118039;0.564139
7.790;-3.107676;0.554929
7.800;-3.097452;0.547816
7.810;-3.087875;0.542536
7.820;-3.079321;0.538601
7.830;-3.072020;0.535461
7.840;-3.066075;0.532644
7.850;-3.061501;0.529813
7.860;-3.058255;0.526762
7.870;-3.056243;0.523382
7.880;-3.055326;0.519658
7.890;-3.055318;0.515696
7.900;-3.055967;0.511753
7.910;-3.056913;0.508201
7.920;-3.057683;0.505410
7.930;-3.057744;0.503605
7.940;-3.056626;0.502738
7.950;-3.054067;0.502476
7.960;-3.050115;0.502289
7.970;-3.045122;0.501621
7.980;-3.039645;0.500065
7.990;-3.034238;0.497472
8.000;-3.029232;0.493985
8.010;-3.024590;0.489991
8.020;-3.019905;0.486034
8.030;-3.014551;0.482709
8.040;-3.007896;0.480553
8.050;-2.999502;0.479968
8.060;-2.989256;0.481143
8.070;-2.977393;0.484017
8.080;-2.964436;0.488281
8.090;-2.951062;0.493436
8.100;-2.937952;0.498900
8.110;-2.925645;0.504138
8.120;-2.914439;0.508762
8.130;-2.904334;0.512604
8.140;-2.895053;0.515758
8.150;-2.886132;0.518570
8.160;-2.877080;0.521576
8.170;-2.867531;0.525374
8.180;-2.857337;0.530471
8.190;-2.846582;0.537135
8.200;-2.835535;0.545321
8.210;-2.824581;0.554701
8.220;-2.814134;0.564792
8.230;-2.804525;0.575129
8.240;-2.795862;0.585417
8.250;-2.787935;0.595579
8.260;-2.780220;0.605699
8.270;-2.772059;0.615885
8.280;-2.762917;0.626158
8.290;-2.752615;0.636432
8.300;-2.741403;0.646574
8.310;-2.729872;0.656484
8.320;-2.718768;0.666118
8.330;-2.708796;0.675446
8.340;-2.700480;0.684406
8.350;-2.694088;0.692882
8.360;-2.689646;0.700706
8.370;-2.687002;0.707686
8.380;-2.685938;0.713654
8.390;-2.686296;0.718525
8.400;-2.688056;0.722357
8.410;-2.691345;0.725352
8.420;-2.696350;0.727810
8.430;-2.703159;0.730063
8.440;-2.711622;0.732421
8.450;-2.721295;0.735172
8.460;-2.731519;0.738574
8.470;-2.741604;0.742818
8.480;-2.751052;0.747963
8.490;-2.759717;0.753871
8.500;-2.767856;0.760197
8.510;-2.776057;0.766461
8.520;-2.785090;0.772180
8.530;-2.795741;0.777016
8.540;-2.808625;0.780852
8.550;-2.824021;0.783763
8.560;-2.841757;0.785889
8.570;-2.861230;0.787280
8.580;-2.881608;0.787813
8.590;-2.902159;0.787217
8.600;-2.922565;0.785209
8.610;-2.943085;0.781697
8.620;-2.964498;0.776957
8.630;-2.987894;0.771659
8.640;-3.014403;0.766721
8.650;-3.044946;0.763007
8.660;-3.080035;0.761005
8.670;-3.119600;0.760615
8.680;-3.162895;0.761107
8.690;-3.208517;0.761262
8.700;-3.254572;0.759643
8.710;-3.298952;0.754943
8.720;-3.339666;0.746326
8.730;-3.375110;0.733644
8.740;-3.404228;0.717456
8.750;-3.426562;0.698831
8.760;-3.442215;0.679029
8.770;-3.451801;0.659174
8.780;-3.456339;0.640017
8.790;-3.457097;0.621833
8.800;-3.455350;0.604498
8.810;-3.452112;0.587706
8.820;-3.447948;0.571229
8.830;-3.442938;0.555120
8.840;-3.436831;0.539775
8.850;-3.429296;0.525830
8.860;-3.420161;0.513950
8.870;-3.409546;0.504575
8.880;-3.397853;0.497738
8.890;-3.385662;0.493006
8.900;-3.373581;0.489585
8.910;-3.362150;0.486559
8.920;-3.351789;0.483172
8.930;-3.342789;0.479057
8.940;-3.335283;0.474302
8.950;-3.329191;0.469351
8.960;-3.324171;0.464789
8.970;-3.319643;0.461119
8.980;-3.314900;0.458602
8.990;-3.309283;0.457208
9.000;-3.302365;0.456659
9.010;-3.294044;0.456535
9.020;-3.284519;0.456385
9.030;-3.274185;0.455833
9.040;-3.263527;0.454663
9.050;-3.253061;0.452899
9.060;-3.243318;0.450852
9.070;-3.234826;0.449083
9.080;-3.228072;0.448236
9.090;-3.223423;0.448787
9.100;-3.221038;0.450812
9.110;-3.220790;0.453930
9.120;-3.222245;0.457460
9.130;-3.224718;0.460758
9.140;-3.227407;0.463545
9.150;-3.229576;0.466045
9.160;-3.230751;0.468869
9.170;-3.230849;0.472705
9.180;-3.230165;0.477988
9.190;-3.229194;0.484713
9.200;-3.228390;0.492452
9.210;-3.227985;0.500531
9.220;-3.227942;0.508276
9.230;-3.228017;0.515204
9.240;-3.227882;0.521139
9.250;-3.227239;0.526202
9.260;-3.225936;0.530697
9.270;-3.224063;0.534927
9.280;-3.222019;0.539041
9.290;-3.220479;0.542988
9.300;-3.220283;0.546587
9.310;-3.222228;0.549627
9.320;-3.226862;0.551931
9.330;-3.234315;0.553375
9.340;-3.244226;0.553919
9.350;-3.255780;0.553678
9.360;-3.267834;0.552982
9.370;-3.279116;0.552316
9.380;-3.288452;0.552136
9.390;-3.294940;0.552673
9.400;-3.298032;0.553860
9.410;-3.297536;0.555477
9.420;-3.293571;0.557386
9.430;-3.286524;0.559669
9.440;-3.277003;0.562574
9.450;-3.265775;0.566283
9.460;-3.253680;0.570687
9.470;-3.241529;0.575302
9.480;-3.230002;0.579406
9.490;-3.219554;0.582322
9.500;-3.210343;0.583715
9.510;-3.202200;0.583750
9.520;-3.194661;0.583052
9.530;-3.187077;0.582478
9.540;-3.178764;0.582819
9.550;-3.169182;0.584539
9.560;-3.158066;0.587656
9.570;-3.145497;0.591803
9.580;-3.131862;0.596436
9.590;-3.117729;0.601087
9.600;-3.103666;0.605587
9.610;-3.090079;0.610136
9.620;-3.077110;0.615204
9.630;-3.064633;0.621262
9.640;-3.052308;0.628479
9.650;-3.039697;0.636540
9.660;-3.026436;0.644676
9.670;-3.012432;0.651894
9.680;-2.997992;0.657333
9.690;-2.983807;0.660556
9.700;-2.970766;0.661660
9.710;-2.959687;0.661140
9.720;-2.951088;0.659635
9.730;-2.945081;0.657667
9.740;-2.941399;0.655512
9.750;-2.939475;0.653198
9.760;-2.938542;0.650613
9.770;-2.937710;0.647656
9.780;-2.936029;0.644344
9.790;-2.932605;0.640852
9.800;-2.926746;0.637462
9.810;-2.918153;0.634459
9.820;-2.907041;0.632044
9.830;-2.894147;0.630275
9.840;-2.880568;0.629077
9.850;-2.867471;0.628296
9.860;-2.855768;0.627776
9.870;-2.845866;0.627405
9.880;-2.837583;0.627131
9.890;-2.830258;0.626943
9.900;-2.823044;0.626852
9.910;-2.815241;0.626851
9.920;-2.806564;0.626875
9.930;-2.797220;0.626759
9.940;-2.787824;0.626253
9.950;-2.779176;0.625088
9.960;-2.772019;0.623078
9.970;-2.766844;0.620225
9.980;-2.763805;0.616768
9.990;-2.762723;0.613147
10.000;-2.763175;0.609896
10.010;-2.764641;0.607473
10.020;-2.766686;0.606123
10.030;-2.769108;0.605814
10.040;-2.772034;0.606310
10.050;-2.775894;0.607321
10.060;-2.781315;0.608697
10.070;-2.788964;0.610540
10.080;-2.799400;0.613200
10.090;-2.812934;0.617118
10.100;-2.829518;0.622620
10.110;-2.848704;0.629744
10.120;-2.869718;0.638228
10.130;-2.891650;0.647645
10.140;-2.913692;0.657617
10.150;-2.935321;0.667964
10.160;-2.956369;0.678666
10.170;-2.976955;0.689714
10.180;-2.997299;0.700936
10.190;-3.017509;0.711958
10.200;-3.037418;0.722316
10.210;-3.056588;0.731648
10.220;-3.074466;0.739839
10.230;-3.090619;0.747033
10.240;-3.104921;0.753491
10.250;-3.117621;0.759363
10.260;-3.129245;0.764513
10.270;-3.140380;0.768496
10.280;-3.151418;0.770711
10.290;-3.162363;0.770660
10.300;-3.172791;0.768198
10.310;-3.181978;0.763668
10.320;-3.189159;0.757872
10.330;-3.193834;0.751851
10.340;-3.195994;0.746572
10.350;-3.196178;0.742619
10.360;-3.195308;0.740032
10.370;-3.194401;0.738337
10.380;-3.194276;0.736776
10.390;-3.195389;0.734626
10.400;-3.197831;0.731480
10.410;-3.201425;0.727383
10.420;-3.205865;0.722772
10.430;-3.210830;0.718246
10.440;-3.216072;0.714271
10.450;-3.221469;0.710971
10.460;-3.227045;0.708096
10.470;-3.232969;0.705201
10.480;-3.239503;0.701926
10.490;-3.246942;0.698234
10.500;-3.255519;0.694450
10.510;-3.265341;0.691112
10.520;-3.276346;0.688722
10.530;-3.288302;0.687539
10.540;-3.300853;0.687502
10.550;-3.313609;0.688269
10.560;-3.326253;0.689350
10.570;-3.338614;0.690253
10.580;-3.350687;0.690624
10.590;-3.362581;0.690337
10.600;-3.374423;0.689522
10.610;-3.386269;0.688544
10.620;-3.398046;0.687916
10.630;-3.409531;0.688184
10.640;-3.420385;0.689766
10.650;-3.430210;0.692795
10.660;-3.438613;0.697006
10.670;-3.445248;0.701754
10.680;-3.449843;0.706176
10.690;-3.452241;0.709445
10.700;-3.452457;0.711054
10.710;-3.450728;0.710992
10.720;-3.447517;0.709739
10.730;-3.443441;0.708063
10.740;-3.439146;0.706705
10.750;-3.435197;0.706116
10.760;-3.432005;0.706347
10.770;-3.429844;0.707098
10.780;-3.428904;0.707846
10.790;-3.429338;0.708008
10.800;-3.431283;0.707114
10.810;-3.434809;0.704975
10.820;-3.439838;0.701774
10.830;-3.446044;0.698011
10.840;-3.452793;0.694306
10.850;-3.459171;0.691133
10.860;-3.464110;0.688646
10.870;-3.466622;0.686638
10.880;-3.466078;0.684639
10.890;-3.462426;0.682090
10.900;-3.456237;0.678518
10.910;-3.448564;0.673675
10.920;-3.440650;0.667608
10.930;-3.433612;0.660631
10.940;-3.428189;0.653193
10.950;-3.424634;0.645695
10.960;-3.422760;0.638334
10.970;-3.422098;0.631072
10.980;-3.422119;0.623702
10.990;-3.422401;0.615990
11.000;-3.422713;0.607798
11.010;-3.422986;0.599161
11.020;-3.423216;0.590314
11.030;-3.423323;0.581643
11.040;-3.423055;0.573540
11.050;-3.421955;0.566212
11.060;-3.419451;0.559523
11.070;-3.415064;0.552995
11.080;-3.408651;0.545982
11.090;-3.400547;0.537927
11.100;-3.391513;0.528587
11.110;-3.382504;0.518101
11.120;-3.374374;0.506913
11.130;-3.367676;0.495611
11.140;-3.362597;0.484753
11.150;-3.359021;0.474718
11.160;-3.356641;0.465639
11.170;-3.355070;0.457392
11.180;-3.353957;0.449654
11.190;-3.353107;0.442002
11.200;-3.352597;0.434019
11.210;-3.352828;0.425419
11.220;-3.354452;0.416150
11.230;-3.358182;0.406443
11.240;-3.364545;0.396752
11.250;-3.373684;0.387592
11.260;-3.385314;0.379360
11.270;-3.398817;0.372249
11.280;-3.413466;0.366289
11.290;-3.428657;0.361446
11.300;-3.444109;0.357684
11.310;-3.459974;0.354932
11.320;-3.476857;0.352997
11.330;-3.495722;0.351528
11.340;-3.517700;0.350092
11.350;-3.543811;0.348342
11.360;-3.574690;0.346182
11.370;-3.610357;0.343818
11.380;-3.650095;0.341687
11.390;-3.692474;0.340318
11.400;-3.735509;0.340193
11.410;-3.776906;0.341646
11.420;-3.814350;0.344839
11.430;-3.845799;0.349793
11.440;-3.869762;0.356453
11.450;-3.885505;0.364721
11.460;-3.893112;0.374438
11.470;-3.893353;0.385353
11.480;-3.887410;0.397145
11.490;-3.876559;0.409517
11.500;-3.861915;0.422280
11.510;-3.844316;0.435355
11.520;-3.824347;0.448683
11.530;-3.802495;0.462119
11.540;-3.779324;0.475392
11.550;-3.755595;0.488177
11.560;-3.732249;0.500219
11.570;-3.710259;0.511431
11.580;-3.690436;0.521888
11.590;-3.673257;0.531701
11.600;-3.658790;0.540869
11.610;-3.646749;0.549183
11.620;-3.636635;0.556277
11.630;-3.627925;0.561786
11.640;-3.620230;0.565554
11.650;-3.613398;0.567765
11.660;-3.607530;0.568941
11.670;-3.602937;0.569764
11.680;-3.600040;0.570831
11.690;-3.599241;0.572421
11.700;-3.600788;0.574408
11.710;-3.604676;0.576331
11.720;-3.610593;0.577580
11.730;-3.617973;0.577630
11.740;-3.626142;0.576225
11.750;-3.634506;0.573469
11.760;-3.642698;0.569806
11.770;-3.650606;0.565890
11.780;-3.658286;0.562373
11.790;-3.665832;0.559686
11.800;-3.673280;0.557896
11.810;-3.680599;0.556712
11.820;-3.687737;0.555629
11.830;-3.694689;0.554140
11.840;-3.701519;0.551900
11.850;-3.708339;0.548786
11.860;-3.715250;0.544848
11.870;-3.722278;0.540217
11.880;-3.729341;0.535011
11.890;-3.736266;0.529307
11.900;-3.742850;0.523159
11.910;-3.748899;0.516643
11.920;-3.754226;0.509884
11.930;-3.758572;0.503044
11.940;-3.761534;0.496271
11.950;-3.762565;0.489637
11.960;-3.761076;0.483096
11.970;-3.756620;0.476521
11.980;-3.749053;0.469800
11.990;-3.738606;0.462959
12.000;-3.725883;0.456231
12.010;-3.711788;0.450040
12.020;-3.697414;0.444907
12.030;-3.683894;0.441318
12.040;-3.672244;0.439603
12.050;-3.663185;0.439879
12.060;-3.656996;0.442054
12.070;-3.653404;0.445885
12.080;-3.651602;0.451059
12.090;-3.650408;0.457301
12.100;-3.648555;0.464488
12.110;-3.645044;0.472706
12.120;-3.639425;0.482207
12.130;-3.631917;0.493273
12.140;-3.623306;0.506087
12.150;-3.614688;0.520667
12.160;-3.607125;0.536878
12.170;-3.601331;0.554468
12.180;-3.597475;0.573096
12.190;-3.595159;0.592349
12.200;-3.593598;0.611785
12.210;-3.591948;0.630987
12.220;-3.589656;0.649605
12.230;-3.586678;0.667370
12.240;-3.583482;0.684097
12.250;-3.580809;0.699706
12.260;-3.579310;0.714286
12.270;-3.579212;0.728132
12.280;-3.580152;0.741707
12.290;-3.581262;0.755501
12.300;-3.581457;0.769824
12.310;-3.579816;0.784622
12.320;-3.575907;0.799403
12.330;-3.569942;0.813319
12.340;-3.562727;0.825412
12.350;-3.555421;0.834938
12.360;-3.549190;0.841633
12.370;-3.544834;0.845814
12.380;-3.542528;0.848258
12.390;-3.541746;0.849934
12.400;-3.541415;0.851700
12.410;-3.540260;0.854091
12.420;-3.537209;0.857214
12.430;-3.531725;0.860771
12.440;-3.523943;0.864180
12.450;-3.514587;0.866779
12.460;-3.504701;0.868036
12.470;-3.495324;0.867726
12.480;-3.487197;0.865988
12.490;-3.480586;0.863278
12.500;-3.475249;0.860248
12.510;-3.470524;0.857596
12.520;-3.465525;0.855926
12.530;-3.459381;0.855599
12.540;-3.451468;0.856630
12.550;-3.441560;0.858677
12.560;-3.429849;0.861153
12.570;-3.416846;0.863458
12.580;-3.403169;0.865221
12.590;-3.389322;0.866479
12.600;-3.375540;0.867720
12.610;-3.361760;0.869767
12.620;-3.347746;0.873543
12.630;-3.333281;0.879794
12.640;-3.318336;0.888837
12.650;-3.303100;0.900442
12.660;-3.287867;0.913891
12.670;-3.272873;0.928205
12.680;-3.258186;0.942462
12.690;-3.243701;0.956068
12.700;-3.229201;0.968862
12.710;-3.214428;0.981041
12.720;-3.199158;0.992953
12.730;-3.183293;1.004880
12.740;-3.166973;1.016882
12.750;-3.150670;1.028759
12.760;-3.135164;1.040133
12.770;-3.121364;1.050595
12.780;-3.110010;1.059857
12.790;-3.101393;1.067806
12.800;-3.095229;1.074468
12.810;-3.090720;1.079892
12.820;-3.086765;1.084057
12.830;-3.082197;1.086853
12.840;-3.075967;1.088152
12.850;-3.067256;1.087958
12.860;-3.055549;1.086521
12.870;-3.040659;1.084354
12.880;-3.022717;1.082079
12.890;-3.002116;1.080162
12.900;-2.979449;1.078679
12.910;-2.955488;1.077252
12.920;-2.931187;1.075181
12.930;-2.907685;1.071711
12.940;-2.886218;1.066299
12.950;-2.867965;1.058784
12.960;-2.853843;1.049435
12.970;-2.844335;1.038870
12.980;-2.839403;1.027908
12.990;-2.838540;1.017369
13.000;-2.840958;1.007849
13.010;-2.845857;0.999539
13.020;-2.852667;0.992155
13.030;-2.861177;0.985039
13.040;-2.871477;0.977420
13.050;-2.883789;0.968738
13.060;-2.898252;0.958864
13.070;-2.914754;0.948140
13.080;-2.932859;0.937214
13.090;-2.951860;0.926787
13.100;-2.970951;0.917388
13.110;-2.989456;0.909251
13.120;-3.007016;0.902305
13.130;-3.023671;0.896253
13.140;-3.039808;0.890681
13.150;-3.055979;0.885141
13.160;-3.072657;0.879213
13.170;-3.090025;0.872532
13.180;-3.107859;0.864806
13.190;-3.125536;0.855833
13.200;-3.142160;0.845514
13.210;-3.156754;0.833871
13.220;-3.168487;0.821073
13.230;-3.176865;0.807471
13.240;-3.181841;0.793633
13.250;-3.183825;0.780362
13.260;-3.183594;0.768614
13.270;-3.182125;0.759327
13.280;-3.180416;0.753193
13.290;-3.179280;0.750500
13.300;-3.179177;0.751112
13.310;-3.180098;0.754577
13.320;-3.181574;0.760317
13.330;-3.182819;0.767773
13.340;-3.182991;0.776488
13.350;-3.181499;0.786105
13.360;-3.178239;0.796329
13.370;-3.173642;0.806910
13.380;-3.168507;0.817651
13.390;-3.163676;0.828452
13.400;-3.159694;0.839352
13.410;-3.156603;0.850546
13.420;-3.153915;0.862326
13.430;-3.150761;0.874975
13.440;-3.146161;0.888635
13.450;-3.139379;0.903236
13.460;-3.130246;0.918509
13.470;-3.119346;0.934066
13.480;-3.107978;0.949492
13.490;-3.097883;0.964410
13.500;-3.090831;0.978484
13.510;-3.088176;0.991388
13.520;-3.090569;1.002811
13.530;-3.097882;1.012502
13.540;-3.109381;1.020364
13.550;-3.124022;1.026506
13.560;-3.140763;1.031223
13.570;-3.158773;1.034887
13.580;-3.177477;1.037803
13.590;-3.196452;1.040097
13.600;-3.215239;1.041688
13.610;-3.233183;1.042367
13.620;-3.249384;1.041922
13.630;-3.262798;1.040274
13.640;-3.272491;1.037539
13.650;-3.277945;1.033985
13.660;-3.279292;1.029911
13.670;-3.277344;1.025527
13.680;-3.273360;1.020916
13.690;-3.268644;1.016093
13.700;-3.264102;1.011127
13.710;-3.259964;1.006211
13.720;-3.255772;1.001619
13.730;-3.250625;0.997589
13.740;-3.243573;0.994215
13.750;-3.233961;0.991409
13.760;-3.221608;0.988951
13.770;-3.206795;0.986550
13.780;-3.190120;0.983918
13.790;-3.172299;0.980814
13.800;-3.154000;0.977077
13.810;-3.135712;0.972620
13.820;-3.117696;0.967418
13.830;-3.099961;0.961488
13.840;-3.082273;0.954877
13.850;-3.064194;0.947648
13.860;-3.045169;0.939856
13.870;-3.024690;0.931528
13.880;-3.002495;0.922669
13.890;-2.978727;0.913302
13.900;-2.953986;0.903544
13.910;-2.929240;0.893676
13.920;-2.905624;0.884195
13.930;-2.884216;0.875806
13.940;-2.865844;0.869316
13.950;-2.850973;0.865476
13.960;-2.839668;0.864812
13.970;-2.831653;0.867542
13.980;-2.826439;0.873574
13.990;-2.823487;0.882558
14.000;-2.822367;0.893961
14.010;-2.822848;0.907123
14.020;-2.824877;0.921330
14.030;-2.828444;0.935943
14.040;-2.833402;0.950553
14.050;-2.839362;0.965081
14.060;-2.845703;0.979753
14.070;-2.851712;0.994929
14.080;-2.856747;1.010867
14.090;-2.860381;1.027538
14.100;-2.862469;1.044567
14.110;-2.863138;1.061318
14.120;-2.862709;1.077073
14.130;-2.861581;1.091211
14.140;-2.860138;1.103316
14.150;-2.858720;1.113198
14.160;-2.857631;1.120827
14.170;-2.857145;1.126251
14.180;-2.857445;1.129549
14.190;-2.858532;1.130838
14.200;-2.860171;1.130304
14.210;-2.861959;1.128192
14.220;-2.863501;1.124744
14.230;-2.864616;1.120107
14.240;-2.865466;1.114309
14.250;-2.866521;1.107279
14.260;-2.868390;1.098929
14.270;-2.871591;1.089230
14.280;-2.876367;1.078280
14.290;-2.882608;1.066335
14.300;-2.889913;1.053810
14.310;-2.897729;1.041210
14.320;-2.905535;1.029004
14.330;-2.912996;1.017469
14.340;-2.920079;1.006560
14.350;-2.927089;0.995886
14.360;-2.934617;0.984833
14.370;-2.943381;0.972811
14.380;-2.954003;0.959536
14.390;-2.966807;0.945223
14.400;-2.981709;0.930574
14.410;-2.998246;0.916538
14.420;-3.015705;0.903922
14.430;-3.033301;0.893036
14.440;-3.050346;0.883557
14.450;-3.066388;0.874664
14.460;-3.081279;0.865391
14.470;-3.095164;0.855023
14.480;-3.108381;0.843362
14.490;-3.121319;0.830757
14.500;-3.134278;0.817946
14.510;-3.147395;0.805807
14.520;-3.160621;0.795149
14.530;-3.173754;0.786554
14.540;-3.186496;0.780263
14.550;-3.198536;0.776082
14.560;-3.209620;0.773367
14.570;-3.219578;0.771106
14.580;-3.228297;0.768131
14.590;-3.235676;0.763400
14.600;-3.241619;0.756274
14.610;-3.246067;0.746701
14.620;-3.249047;0.735235
14.630;-3.250701;0.722864
14.640;-3.251279;0.710708
14.650;-3.251087;0.699680
14.660;-3.250416;0.690238
14.670;-3.249460;0.682288
14.680;-3.248223;0.675291
14.690;-3.246469;0.668500
14.700;-3.243740;0.661239
14.710;-3.239473;0.653113
14.720;-3.233201;0.644125
14.730;-3.224734;0.634689
14.740;-3.214255;0.625564
14.750;-3.202259;0.617682
14.760;-3.189375;0.611918
14.770;-3.176142;0.608859
14.780;-3.162868;0.608716
14.790;-3.149628;0.611398
14.800;-3.136424;0.616715
14.810;-3.123375;0.624570
14.820;-3.110814;0.635039
14.830;-3.099231;0.648319
14.840;-3.089126;0.664590
14.850;-3.080885;0.683870
14.860;-3.074764;0.705882
14.870;-3.070939;0.729990
14.880;-3.069567;0.755237
14.890;-3.070795;0.780527
14.900;-3.074730;0.804869
14.910;-3.081401;0.827562
14.920;-3.090761;0.848228
14.930;-3.102727;0.866704
14.940;-3.117218;0.882922
14.950;-3.134160;0.896892
14.960;-3.153418;0.908798
14.970;-3.174729;0.919142
14.980;-3.197696;0.928769
14.990;-3.221877;0.938706
15.000;-3.246965;0.949841
15.010;-3.272953;0.962604
15.020;-3.300196;0.976791
15.030;-3.329286;0.991622
15.040;-3.360769;1.005996
15.050;-3.394801;1.018827
15.060;-3.430872;1.029344
15.070;-3.467741;1.037235
15.080;-3.503615;1.042625
15.090;-3.536550;1.045893
15.100;-3.564939;1.047432
15.110;-3.587925;1.047413
15.120;-3.605586;1.045660
15.130;-3.618805;1.041671
15.140;-3.628886;1.034825
15.150;-3.637080;1.024653
15.160;-3.644201;1.011066
15.170;-3.650485;0.994411
15.180;-3.655685;0.975375
15.190;-3.659330;0.954797
15.200;-3.660994;0.933492
15.210;-3.660458;0.912112
15.220;-3.657740;0.891065
15.230;-3.653042;0.870484
15.240;-3.646694;0.850267
15.250;-3.639119;0.830165
15.260;-3.630814;0.809907
15.270;-3.622325;0.789329
15.280;-3.614208;0.768466
15.290;-3.606992;0.747620
15.300;-3.601142;0.727353
15.310;-3.597004;0.708403
15.320;-3.594746;0.691492
15.330;-3.594286;0.677103
15.340;-3.595265;0.665350
15.350;-3.597094;0.656026
15.360;-3.599057;0.648788
15.370;-3.600442;0.643341
15.380;-3.600674;0.639527
15.390;-3.599416;0.637266
15.400;-3.596633;0.636437
15.410;-3.592588;0.636795
15.420;-3.587745;0.637998
15.430;-3.582583;0.639728
15.440;-3.577389;0.641804
15.450;-3.572125;0.644238
15.460;-3.566478;0.647200
15.470;-3.560073;0.650930
15.480;-3.552731;0.655628
15.490;-3.544599;0.661390
15.500;-3.536096;0.668168
15.510;-3.527718;0.675787
15.520;-3.519829;0.683978
15.530;-3.512557;0.692446
15.540;-3.505812;0.700936
15.550;-3.499411;0.709293
15.560;-3.493231;0.717489
15.570;-3.487332;0.725607
15.580;-3.481965;0.733794
15.590;-3.477464;0.742171
15.600;-3.474074;0.750756
15.610;-3.471846;0.759427
15.620;-3.470633;0.767969
15.630;-3.470188;0.776193
15.640;-3.470264;0.784039
15.650;-3.470694;0.791608
15.660;-3.471411;0.799084
15.670;-3.472416;0.806630
15.680;-3.473705;0.814319
15.690;-3.475190;0.822142
15.700;-3.476641;0.830054
15.710;-3.477706;0.838024
15.720;-3.478005;0.846042
15.730;-3.477254;0.854085
15.740;-3.475396;0.862060
15.750;-3.472663;0.869761
15.760;-3.469551;0.876869
15.770;-3.466704;0.883026
15.780;-3.464737;0.887947
15.790;-3.464059;0.891511
15.800;-3.464732;0.893801
15.810;-3.466417;0.895070
15.820;-3.468442;0.895634
15.830;-3.469971;0.895755
15.840;-3.470238;0.895530
15.850;-3.468749;0.894843
15.860;-3.465384;0.893381
15.870;-3.460368;0.890718
15.880;-3.454134;0.886435
15.890;-3.447131;0.880253
15.900;-3.439658;0.872136
15.910;-3.431782;0.862330
15.920;-3.423340;0.851294
15.930;-3.414022;0.839552
15.940;-3.403471;0.827526
15.950;-3.391393;0.815427
15.960;-3.377629;0.803296
15.970;-3.362167;0.791131
15.980;-3.345084;0.779047
15.990;-3.326457;0.767379
16.000;-3.306284;0.756718
16.010;-3.284461;0.747847
16.020;-3.260854;0.741619
16.030;-3.235427;0.738768
16.040;-3.208380;0.739702
16.050;-3.180229;0.744348
16.060;-3.151773;0.752120
16.070;-3.123926;0.762043
16.080;-3.097480;0.772985
16.090;-3.072883;0.783905
16.100;-3.050154;0.794056
16.110;-3.028985;0.803100
16.120;-3.008988;0.811129
16.130;-2.989968;0.818561
16.140;-2.972104;0.825944
16.150;-2.955944;0.833700
16.160;-2.942271;0.841940
16.170;-2.931902;0.850432
16.180;-2.925499;0.858734
16.190;-2.923450;0.866430
16.200;-2.925822;0.873319
16.210;-2.932387;0.879459
16.220;-2.942697;0.885066
16.230;-2.956174;0.890350
16.240;-2.972197;0.895387
16.250;-2.990171;0.900119
16.260;-3.009577;0.904454
16.270;-3.030017;0.908368
16.280;-3.051247;0.911904
16.290;-3.073198;0.915061
16.300;-3.095969;0.917661
16.310;-3.119752;0.919330
16.320;-3.144692;0.919637
16.330;-3.170724;0.918329
16.340;-3.197462;0.915534
16.350;-3.224240;0.911806
16.360;-3.250292;0.907952
16.370;-3.274981;0.904704
16.380;-3.297958;0.902370
16.390;-3.319174;0.900631
16.400;-3.338748;0.898587
16.410;-3.356795;0.895048
16.420;-3.373304;0.888965
16.430;-3.388113;0.879809
16.440;-3.400996;0.867752
16.450;-3.411815;0.853588
16.460;-3.420639;0.838439
16.470;-3.427766;0.823402
16.480;-3.433626;0.809274
16.490;-3.438613;0.796462
16.500;-3.442941;0.785072
16.510;-3.446592;0.775096
16.520;-3.449354;0.766591
16.530;-3.450933;0.759755
16.540;-3.451084;0.754890
16.550;-3.449704;0.752261
16.560;-3.446866;0.751905
16.570;-3.442789;0.753507
16.580;-3.437778;0.756405
16.590;-3.432174;0.759750
16.600;-3.426344;0.762760
16.610;-3.420702;0.764972
16.620;-3.415698;0.766401
16.630;-3.411786;0.767541
16.640;-3.409365;0.769201
16.650;-3.408750;0.772205
16.660;-3.410158;0.777083
16.670;-3.413683;0.783852
16.680;-3.419248;0.791996
16.690;-3.426542;0.800621
16.700;-3.434978;0.808707
16.710;-3.443683;0.815346
16.720;-3.451595;0.819899
16.730;-3.457664;0.822069
16.740;-3.461113;0.821919
16.750;-3.461672;0.819858
16.760;-3.459667;0.816588
16.770;-3.455907;0.812985
16.780;-3.451418;0.809901
16.790;-3.447102;0.807930
16.800;-3.443486;0.807242
16.810;-3.440619;0.807572
16.820;-3.438156;0.808364
16.830;-3.435569;0.809031
16.840;-3.432409;0.809186
16.850;-3.428526;0.808782
16.860;-3.424178;0.808096
16.870;-3.419996;0.807602
16.880;-3.416808;0.807802
16.890;-3.415384;0.809057
16.900;-3.416175;0.811480
16.910;-3.419167;0.814891
16.920;-3.423905;0.818875
16.930;-3.429671;0.822901
16.940;-3.435716;0.826490
16.950;-3.441477;0.829321
16.960;-3.446713;0.831255
16.970;-3.451562;0.832273
16.980;-3.456475;0.832395
16.990;-3.462018;0.831655
17.000;-3.468615;0.830133
17.010;-3.476300;0.828009
17.020;-3.484610;0.825588
17.030;-3.492658;0.823275
17.040;-3.499368;0.821504
17.050;-3.503760;0.820633
17.060;-3.505208;0.820820
17.070;-3.503569;0.821914
17.080;-3.499186;0.823416
17.090;-3.492779;0.824550
17.100;-3.485270;0.824484
17.110;-3.477611;0.822621
17.120;-3.470620;0.818853
17.130;-3.464842;0.813611
17.140;-3.460438;0.807692
17.150;-3.457146;0.801945
17.160;-3.454344;0.797010
17.170;-3.451230;0.793181
17.180;-3.447039;0.790392
17.190;-3.441254;0.788276
17.200;-3.433731;0.786250
17.210;-3.424742;0.783659
17.220;-3.414894;0.779960
17.230;-3.404966;0.774914
17.240;-3.395693;0.768718
17.250;-3.387593;0.762041
17.260;-3.380897;0.755891
17.270;-3.375575;0.751368
17.280;-3.371430;0.749339
17.290;-3.368219;0.750177
17.300;-3.365766;0.753639
17.310;-3.364061;0.758928
17.320;-3.363315;0.764897
17.330;-3.363961;0.770338
17.340;-3.366550;0.774269
17.350;-3.371572;0.776191
17.360;-3.379224;0.776212
17.370;-3.389266;0.774973
17.380;-3.401046;0.773393
17.390;-3.413692;0.772335
17.400;-3.426404;0.772343
17.410;-3.438701;0.773519
17.420;-3.450538;0.775557
17.430;-3.462250;0.777860
17.440;-3.474357;0.779724
17.450;-3.487304;0.780525
17.460;-3.501229;0.779903
17.470;-3.515849;0.777876
17.480;-3.530502;0.774845
17.490;-3.544309;0.771454
17.500;-3.556404;0.768339
17.510;-3.566174;0.765890
17.520;-3.573404;0.764114
17.530;-3.578283;0.762646
17.540;-3.581255;0.760892
17.550;-3.582802;0.758204
17.560;-3.583255;0.754052
17.570;-3.582723;0.748133
17.580;-3.581124;0.740417
17.590;-3.578290;0.731157
17.600;-3.574097;0.720836
17.610;-3.568535;0.710090
17.620;-3.561722;0.699584
17.630;-3.553831;0.689881
17.640;-3.545007;0.681338
17.650;-3.535330;0.674083
17.660;-3.524846;0.668097
17.670;-3.513662;0.663358
17.680;-3.502017;0.659963
17.690;-3.490283;0.658126
17.700;-3.478858;0.658081
17.710;-3.468023;0.659943
17.720;-3.457824;0.663609
17.730;-3.448076;0.668735
17.740;-3.438457;0.674800
17.750;-3.428652;0.681220
17.760;-3.418468;0.687490
17.770;-3.407889;0.693261
17.780;-3.397096;0.698364
17.790;-3.386468;0.702767
17.800;-3.376545;0.706515
17.810;-3.367952;0.709673
17.820;-3.361258;0.712303
17.830;-3.356826;0.714465
17.840;-3.354680;0.716227
17.850;-3.354478;0.717690
17.860;-3.355580;0.719018
17.870;-3.357217;0.720463
17.880;-3.358708;0.722338
17.890;-3.359640;0.724943
17.900;-3.359963;0.728461
17.910;-3.359978;0.732876
17.920;-3.360250;0.737967
17.930;-3.361449;0.743359
17.940;-3.364172;0.748618
17.950;-3.368749;0.753361
17.960;-3.375115;0.757361
17.970;-3.382777;0.760622
17.980;-3.390915;0.763383
17.990;-3.398569;0.766026
18.000;-3.404843;0.768927
18.010;-3.409074;0.772315
18.020;-3.410968;0.776197
18.030;-3.410678;0.780365
18.040;-3.408823;0.784485
18.050;-3.406371;0.788236
18.060;-3.404403;0.791439
18.070;-3.403831;0.794150
18.080;-3.405182;0.796643
18.090;-3.408556;0.799308
18.100;-3.413742;0.802486
18.110;-3.420422;0.806297
18.120;-3.428367;0.810553
18.130;-3.437545;0.814770
18.140;-3.448101;0.818307
18.150;-3.460221;0.820563
18.160;-3.473942;0.821151
18.170;-3.488999;0.819995
18.180;-3.504787;0.817310
18.190;-3.520466;0.813521
18.200;-3.535145;0.809137
18.210;-3.548077;0.804641
18.220;-3.558771;0.800392
18.230;-3.566989;0.796546
18.240;-3.572669;0.793021
18.250;-3.575822;0.789520
18.260;-3.576483;0.785623
18.270;-3.574722;0.780950
18.280;-3.570702;0.775329
18.290;-3.564741;0.768890
18.300;-3.557301;0.762028
18.310;-3.548893;0.755228
18.320;-3.539958;0.748841
18.330;-3.530780;0.742957
18.340;-3.521524;0.737426
18.350;-3.512341;0.731993
18.360;-3.503477;0.726435
18.370;-3.495295;0.720649
18.380;-3.488213;0.714680
18.390;-3.482605;0.708715
18.400;-3.478735;0.703062
18.410;-3.476728;0.698097
18.420;-3.476579;0.694178
18.430;-3.478158;0.691543
18.440;-3.481223;0.690222
18.450;-3.485398;0.689974
18.460;-3.490150;0.690305
18.470;-3.494770;0.690577
18.480;-3.498411;0.690200
18.490;-3.500189;0.688813
18.500;-3.499379;0.686380
18.510;-3.495650;0.683153
18.520;-3.489238;0.679559
18.530;-3.480999;0.676073
18.540;-3.472284;0.673106
18.550;-3.464676;0.670930
18.560;-3.459648;0.669619
18.570;-3.458246;0.669059
18.580;-3.460868;0.669008
18.590;-3.467215;0.669198
18.600;-3.476413;0.669434
18.610;-3.487259;0.669635
18.620;-3.498503;0.669827
18.630;-3.509082;0.670095
18.640;-3.518275;0.670543
18.650;-3.525735;0.671290
18.660;-3.531454;0.672481
18.670;-3.535660;0.674289
18.680;-3.538697;0.676890
18.690;-3.540918;0.680416
18.700;-3.542611;0.684945
18.710;-3.543968;0.690539
18.720;-3.545084;0.697302
18.730;-3.545948;0.705403
18.740;-3.546444;0.715036
18.750;-3.546359;0.726328
18.760;-3.545419;0.739210
18.770;-3.543374;0.753363
18.780;-3.540082;0.768255
18.790;-3.535564;0.783272
18.800;-3.530012;0.797865
18.810;-3.523735;0.811642
18.820;-3.517055;0.824404
18.830;-3.510192;0.836125
18.840;-3.503179;0.846941
18.850;-3.495875;0.857151
18.860;-3.488068;0.867209
18.870;-3.479620;0.877692
18.880;-3.470555;0.889173
18.890;-3.461069;0.902058
18.900;-3.451467;0.916435
18.910;-3.442092;0.932012
18.920;-3.433277;0.948154
18.930;-3.425350;0.964004
18.940;-3.418643;0.978660
18.950;-3.413529;0.991352
18.960;-3.410417;1.001593
18.970;-3.409725;1.009242
18.980;-3.411809;1.014486
18.990;-3.416871;1.017752
19.000;-3.424864;1.019583
19.010;-3.435440;1.020516
19.020;-3.447966;1.020983
19.030;-3.461644;1.021237
19.040;-3.475698;1.021333
19.050;-3.489559;1.021196
19.060;-3.502963;1.020738
19.070;-3.515926;1.019965
19.080;-3.528648;1.019012
19.090;-3.541407;1.018097
19.100;-3.554486;1.017420
19.110;-3.568129;1.017061
19.120;-3.582502;1.016905
19.130;-3.597640;1.016668
19.140;-3.613403;1.016020
19.150;-3.629484;1.014765
19.160;-3.645472;1.012981
19.170;-3.660967;1.011021
19.180;-3.675681;1.009385
19.190;-3.689480;1.008518
19.200;-3.702316;1.008614
19.210;-3.714097;1.009510
19.220;-3.724577;1.010718
19.230;-3.733315;1.011601
19.240;-3.739758;1.011645
19.250;-3.743370;1.010692
19.260;-3.743756;1.009007
19.270;-3.740724;1.007164
19.280;-3.734301;1.005799
19.290;-3.724738;1.005382
19.300;-3.712502;1.006075
19.310;-3.698243;1.007720
19.320;-3.682705;1.009916
19.330;-3.666600;1.012152
19.340;-3.650500;1.013939
19.350;-3.634808;1.014913
19.360;-3.619792;1.014877
19.370;-3.605648;1.013790
19.380;-3.592546;1.011720
19.390;-3.580613;1.008785
19.400;-3.569869;1.005116
19.410;-3.560170;1.000839
19.420;-3.551192;0.996095
19.430;-3.542484;0.991039
19.440;-3.533558;0.985813
19.450;-3.524000;0.980493
19.460;-3.513569;0.975060
19.470;-3.502266;0.969421
19.480;-3.490344;0.963485
19.490;-3.478258;0.957235
19.500;-3.466570;0.950755
19.510;-3.455829;0.944204
19.520;-3.446451;0.937742
19.530;-3.438629;0.931449
19.540;-3.432327;0.925304
19.550;-3.427338;0.919234
19.560;-3.423369;0.913223
19.570;-3.420106;0.907418
19.580;-3.417235;0.902142
19.590;-3.414478;0.897830
19.600;-3.411623;0.894875
19.610;-3.408582;0.893487
19.620;-3.405424;0.893623
19.630;-3.402395;0.895037
19.640;-3.399912;0.897428
19.650;-3.398521;0.900595
19.660;-3.398789;0.904516
19.670;-3.401170;0.909300
19.680;-3.405848;0.915045
19.690;-3.412656;0.921681
19.700;-3.421083;0.928870
19.710;-3.430385;0.936034
19.720;-3.439775;0.942476
19.730;-3.448623;0.947562
19.740;-3.456594;0.950911
19.750;-3.463701;0.952517
19.760;-3.470239;0.952742
19.770;-3.476644;0.952178
19.780;-3.483328;0.951410
19.790;-3.490549;0.950777
19.800;-3.498366;0.950246
19.810;-3.506659;0.949419
19.820;-3.515172;0.947687
19.830;-3.523548;0.944457
19.840;-3.531338;0.939385
19.850;-3.538008;0.932555
19.860;-3.542993;0.924536
19.870;-3.545832;0.916262
19.880;-3.546340;0.908773
19.890;-3.544736;0.902892
19.900;-3.541629;0.898982
19.910;-3.537846;0.896870
19.920;-3.534169;0.895975
19.930;-3.531114;0.895567
19.940;-3.528845;0.895038
19.950;-3.527258;0.894084
19.960;-3.526161;0.892739
19.970;-3.525462;0.891299
19.980;-3.525267;0.890153
19.990;-3.525866;0.889596
20.000;-3.527599;0.889665
20.010;-3.530675;0.890101
20.020;-3.535011;0.890439
20.030;-3.540168;0.890182
20.040;-3.545431;0.888982
20.050;-3.549969;0.886703
20.060;-3.553031;0.883384
20.070;-3.554120;0.879130
20.080;-3.553124;0.874017
20.090;-3.550385;0.868088
20.100;-3.546649;0.861422
20.110;-3.542898;0.854243
20.120;-3.540079;0.846985
20.130;-3.538852;0.840235
20.140;-3.539408;0.834546
20.150;-3.541445;0.830234
20.160;-3.544280;0.827246
20.170;-3.547064;0.825206
20.180;-3.549021;0.823586
20.190;-3.549642;0.821929
20.200;-3.548792;0.820016
20.210;-3.546702;0.817918
20.220;-3.543872;0.815935
20.230;-3.540957;0.814462
20.240;-3.538649;0.813846
20.250;-3.537580;0.814271
20.260;-3.538206;0.815702
20.270;-3.540651;0.817899
20.280;-3.544583;0.820463
20.290;-3.549196;0.822905
20.300;-3.553385;0.824711
20.310;-3.556070;0.825416
20.320;-3.556545;0.824672
20.330;-3.554711;0.822338
20.340;-3.551092;0.818544
20.350;-3.546649;0.813739
20.360;-3.542482;0.808663
20.370;-3.539547;0.804232
20.380;-3.538467;0.801328
20.390;-3.539451;0.800536
20.400;-3.542310;0.801913
20.410;-3.546543;0.804917
20.420;-3.551455;0.808550
20.430;-3.556299;0.811677
20.440;-3.560403;0.813396
20.450;-3.563276;0.813297
20.460;-3.564665;0.811542
20.470;-3.564556;0.808738
20.480;-3.563141;0.805659
20.490;-3.560760;0.802938
20.500;-3.557860;0.800861
20.510;-3.554955;0.799340
20.520;-3.552580;0.798042
20.530;-3.551237;0.796602
20.540;-3.551355;0.794797
20.550;-3.553257;0.792634
20.560;-3.557151;0.790336
20.570;-3.563117;0.788259
20.580;-3.571094;0.786779
20.590;-3.580860;0.786183
20.600;-3.592037;0.786596
20.610;-3.604124;0.787968
20.620;-3.616588;0.790113
20.630;-3.628965;0.792783
20.640;-3.640916;0.795728
20.650;-3.652236;0.798706
20.660;-3.662793;0.801462
20.670;-3.672457;0.803714
20.680;-3.681068;0.805192
20.690;-3.688493;0.805735
20.700;-3.694754;0.805399
20.710;-3.700118;0.804496
20.720;-3.705103;0.803524
20.730;-3.710375;0.802964
20.740;-3.716604;0.803072
20.750;-3.724340;0.803750
20.760;-3.733955;0.804605
20.770;-3.745653;0.805170
20.780;-3.759531;0.805213
20.790;-3.775647;0.804973
20.800;-3.794005;0.805178
20.810;-3.814445;0.806801
20.820;-3.836436;0.810617
20.830;-3.858907;0.816780
20.840;-3.880238;0.824602
20.850;-3.898529;0.832680
20.860;-3.912042;0.839310
20.870;-3.919624;0.843000
20.880;-3.920906;0.842899
20.890;-3.916238;0.839007
20.900;-3.906473;0.832146
20.910;-3.892734;0.823717
20.920;-3.876257;0.815333
20.930;-3.858296;0.808430
20.940;-3.840043;0.803975
20.950;-3.822535;0.802331
20.960;-3.806560;0.803269
20.970;-3.792581;0.806114
20.980;-3.780724;0.809974
20.990;-3.770812;0.813997
21.000;-3.762454;0.817574
21.010;-3.755147;0.820453
21.020;-3.748372;0.822737
21.030;-3.741678;0.824803
21.040;-3.734742;0.827152
21.050;-3.727434;0.830237
21.060;-3.719893;0.834321
21.070;-3.712580;0.839406
21.080;-3.706262;0.845255
21.090;-3.701868;0.851476
21.100;-3.700272;0.857612
21.110;-3.702083;0.863208
21.120;-3.707544;0.867878
21.130;-3.716579;0.871382
21.140;-3.728910;0.873714
21.150;-3.744142;0.875148
21.160;-3.761722;0.876177
21.170;-3.780813;0.877374
21.180;-3.800222;0.879216
21.190;-3.818491;0.881944
21.200;-3.834199;0.885476
21.210;-3.846384;0.889414
21.220;-3.854913;0.893170
21.230;-3.860619;0.896223
21.240;-3.865127;0.898378
21.250;-3.870379;0.899869
21.260;-3.878029;0.901222
21.270;-3.888899;0.902968
21.280;-3.902696;0.905378
21.290;-3.918099;0.908343
21.300;-3.933147;0.911394
21.310;-3.945795;0.913794
21.320;-3.954397;0.914661
21.330;-3.958015;0.913145
21.340;-3.956501;0.908652
21.350;-3.950399;0.901045
21.360;-3.940743;0.890747
21.370;-3.928791;0.878675
21.380;-3.915757;0.866025
21.390;-3.902572;0.853960
21.400;-3.889719;0.843335
21.410;-3.877196;0.834527
21.420;-3.864650;0.827444
21.430;-3.851595;0.821689
21.440;-3.837648;0.816792
21.450;-3.822649;0.812404
21.460;-3.806666;0.808411
21.470;-3.789899;0.804941
21.480;-3.772562;0.802324
21.490;-3.754773;0.800981
21.500;-3.736504;0.801289
21.510;-3.717626;0.803447
21.520;-3.698013;0.807437
21.530;-3.677649;0.813074
21.540;-3.656678;0.820090
21.550;-3.635386;0.828197
21.560;-3.614155;0.837097
21.570;-3.593411;0.846463
21.580;-3.573557;0.855937
21.590;-3.554882;0.865165
21.600;-3.537487;0.873845
21.610;-3.521272;0.881787
21.620;-3.506022;0.888944
21.630;-3.491575;0.895408
21.640;-3.477980;0.901367
21.650;-3.465580;0.907033
21.660;-3.454968;0.912583
21.670;-3.446814;0.918147
21.680;-3.441628;0.923835
21.690;-3.439542;0.929789
21.700;-3.440209;0.936183
21.710;-3.442858;0.943190
21.720;-3.446486;0.950915
21.730;-3.450089;0.959350
21.740;-3.452824;0.968346
21.750;-3.454087;0.977616
21.760;-3.453520;0.986768
21.770;-3.450987;0.995379
21.780;-3.446570;1.003085
21.790;-3.440572;1.009662
21.800;-3.433514;1.015088
21.810;-3.426107;1.019574
21.820;-3.419164;1.023531
21.830;-3.413477;1.027478
21.840;-3.409682;1.031889
21.850;-3.408149;1.037045
21.860;-3.408912;1.042938
21.870;-3.411662;1.049287
21.880;-3.415790;1.055656
21.890;-3.420487;1.061638
21.900;-3.424892;1.066982
21.910;-3.428257;1.071631
21.920;-3.430082;1.075648
21.930;-3.430173;1.079127
21.940;-3.428615;1.082139
21.950;-3.425664;1.084737
21.960;-3.421621;1.086993
21.970;-3.416765;1.089022
21.980;-3.411351;1.090973
21.990;-3.405664;1.092948
22.000;-3.400048;1.094885
22.010;-3.394895;1.096481
22.020;-3.390577;1.097222
22.030;-3.387356;1.096544
22.040;-3.385273;1.094037
22.050;-3.384089;1.089626
22.060;-3.383315;1.083613
22.070;-3.382351;1.076577
22.080;-3.380686;1.069174
22.090;-3.378078;1.061939
22.100;-3.374626;1.055167
22.110;-3.370707;1.048903
22.120;-3.366798;1.042992
22.130;-3.363260;1.037184
22.140;-3.360156;1.031245
22.150;-3.357176;1.025035
22.160;-3.353695;1.018514
22.170;-3.348953;1.011679
22.180;-3.342296;1.004478
22.190;-3.333401;0.996788
22.200;-3.322417;0.988467
22.210;-3.309966;0.979474
22.220;-3.296996;0.969984
22.230;-3.284547;0.960431
22.240;-3.273503;0.951441
22.250;-3.264419;0.943659
22.260;-3.257438;0.937539
22.270;-3.252305;0.933202
22.280;-3.248442;0.930442
22.290;-3.245102;0.928871
22.300;-3.241542;0.928098
22.310;-3.237195;0.927875
22.320;-3.231788;0.928132
22.330;-3.225417;0.928948
22.340;-3.218538;0.930499
22.350;-3.211889;0.932991
22.360;-3.206326;0.936599
22.370;-3.202641;0.941367
22.380;-3.201398;0.947142
22.390;-3.202857;0.953549
22.400;-3.206960;0.960052
22.410;-3.213393;0.966083
22.420;-3.221679;0.971210
22.430;-3.231269;0.975282
22.440;-3.241591;0.978500
22.450;-3.252088;0.981354
22.460;-3.262249;0.984440
22.470;-3.271672;0.988221
22.480;-3.280134;0.992857
22.490;-3.287632;0.998175
22.500;-3.294352;1.003802
22.510;-3.300566;1.009355
22.520;-3.306515;1.014604
22.530;-3.312324;1.019521
22.540;-3.317967;1.024231
22.550;-3.323262;1.028867
22.560;-3.327902;1.033401
22.570;-3.331495;1.037511
22.580;-3.333588;1.040587
22.590;-3.333711;1.041896
22.600;-3.331445;1.040865
22.610;-3.326537;1.037321
22.620;-3.319029;1.031564
22.630;-3.309323;1.024246
22.640;-3.298147;1.016157
22.650;-3.286407;1.008036
22.660;-3.274968;1.000469
22.670;-3.264455;0.993849
22.680;-3.255150;0.988365
22.690;-3.247011;0.983993
22.700;-3.239807;0.980483
22.710;-3.233287;0.977369
22.720;-3.227318;0.974023
22.730;-3.221943;0.969787
22.740;-3.217352;0.964174
22.750;-3.213771;0.957091
22.760;-3.211320;0.948944
22.770;-3.209871;0.940574
22.780;-3.208997;0.933011
22.790;-3.208047;0.927142
22.800;-3.206332;0.923417
22.810;-3.203342;0.921737
22.820;-3.198919;0.921569
22.830;-3.193328;0.922245
22.840;-3.187217;0.923270
22.850;-3.181480;0.924496
22.860;-3.177049;0.926077
22.870;-3.174661;0.928252
22.880;-3.174666;0.931099
22.890;-3.176928;0.934396
22.900;-3.180839;0.937664
22.910;-3.185463;0.940330
22.920;-3.189755;0.941947
22.930;-3.192792;0.942338
22.940;-3.193949;0.941629
22.950;-3.192968;0.940137
22.960;-3.189901;0.938197
22.970;-3.184998;0.936009
22.980;-3.178605;0.933589
22.990;-3.171129;0.930817
23.000;-3.163052;0.927556
23.010;-3.154912;0.923760
23.020;-3.147209;0.919524
23.030;-3.140244;0.915061
23.040;-3.133992;0.910609
23.050;-3.128066;0.906361
23.060;-3.121812;0.902422
23.070;-3.114473;0.898811
23.080;-3.105388;0.895483
23.090;-3.094149;0.892347
23.100;-3.080683;0.889292
23.110;-3.065236;0.886220
23.120;-3.048275;0.883100
23.130;-3.030328;0.880026
23.140;-3.011794;0.877234
23.150;-2.992806;0.875056
23.160;-2.973180;0.873824
23.170;-2.952528;0.873769
23.180;-2.930486;0.874924
23.190;-2.906964;0.877111
23.200;-2.882314;0.879989
23.210;-2.857347;0.883181
23.220;-2.833201;0.886388
23.230;-2.811110;0.889456
23.240;-2.792140;0.892378
23.250;-2.776942;0.895245
23.260;-2.765595;0.898191
23.270;-2.757586;0.901352
23.280;-2.751934;0.904840
23.290;-2.747422;0.908738
23.300;-2.742835;0.913088
23.310;-2.737165;0.917856
23.320;-2.729740;0.922908
23.330;-2.720294;0.927997
23.340;-2.708946;0.932789
23.350;-2.696114;0.936923
23.360;-2.682396;0.940098
23.370;-2.668456;0.942146
23.380;-2.654919;0.943079
23.390;-2.642287;0.943070
23.400;-2.630830;0.942419
23.410;-2.620499;0.941517
23.420;-2.610886;0.940819
23.430;-2.601308;0.940796
23.440;-2.591014;0.941842
23.450;-2.579445;0.944133
23.460;-2.566446;0.947510
23.470;-2.552329;0.951476
23.480;-2.537793;0.955368
23.490;-2.523738;0.958636
23.500;-2.511071;0.961082
23.510;-2.500539;0.962942
23.520;-2.492633;0.964769
23.530;-2.487544;0.967197
23.540;-2.485195;0.970700
23.550;-2.485339;0.975457
23.560;-2.487702;0.981344
23.570;-2.492100;0.988030
23.580;-2.498452;0.995123
23.590;-2.506657;1.002306
23.600;-2.516396;1.009403
23.610;-2.526997;1.016360
23.620;-2.537485;1.023185
23.630;-2.546826;1.029869
23.640;-2.554259;1.036360
23.650;-2.559552;1.042564
23.660;-2.563026;1.048374
23.670;-2.565365;1.053690
23.680;-2.567303;1.058462
23.690;-2.569344;1.062731
23.700;-2.571637;1.066665
23.710;-2.574009;1.070560
23.720;-2.576107;1.074752
23.730;-2.577578;1.079483
23.740;-2.578210;1.084793
23.750;-2.577976;1.090483
23.760;-2.577003;1.096199
23.770;-2.575499;1.101605
23.780;-2.573693;1.106551
23.790;-2.571818;1.111141
23.800;-2.570109;1.115641
23.810;-2.568806;1.120277
23.820;-2.568117;1.125077
23.830;-2.568156;1.129857
23.840;-2.568897;1.134335
23.850;-2.570170;1.138265
23.860;-2.571706;1.141505
23.870;-2.573212;1.144044
23.880;-2.574432;1.146022
23.890;-2.575181;1.147732
23.900;-2.575344;1.149560
23.910;-2.574853;1.151855
23.920;-2.573663;1.154776
23.930;-2.571747;1.158224
23.940;-2.569138;1.161880
23.950;-2.566018;1.165359
23.960;-2.562821;1.168387
23.970;-2.560269;1.170932
23.980;-2.559311;1.173234
23.990;-2.560925;1.175690
24.000;-2.565866;1.178658
24.010;-2.574430;1.182257
24.020;-2.586347;1.186268
24.030;-2.600844;1.190203
24.040;-2.616882;1.193513
24.050;-2.633474;1.195847
24.060;-2.649965;1.197207
24.070;-2.666183;1.197925
24.080;-2.682398;1.198462
24.090;-2.699128;1.199179
24.100;-2.716889;1.200204
24.110;-2.735970;1.201436
24.120;-2.756314;1.202636
24.130;-2.777524;1.203508
24.140;-2.798975;1.203769
24.150;-2.820009;1.203230
24.160;-2.840130;1.201856
24.170;-2.859152;1.199785
24.180;-2.877238;1.197304
24.190;-2.894829;1.194781
24.200;-2.912494;1.192603
24.210;-2.930764;1.191095
24.220;-2.950006;1.190432
24.230;-2.970365;1.190551
24.240;-2.991757;1.191104
24.250;-3.013887;1.191497
24.260;-3.036293;1.191025
24.270;-3.058407;1.189072
24.280;-3.079656;1.185299
24.290;-3.099586;1.179746
24.300;-3.117967;1.172802
24.310;-3.134867;1.165023
24.320;-3.150631;1.156891
24.330;-3.165774;1.148631
24.340;-3.180777;1.140179
24.350;-3.195884;1.131334
24.360;-3.210978;1.121976
24.370;-3.225648;1.112248
24.380;-3.239421;1.102568
24.390;-3.252041;1.093487
24.400;-3.263660;1.085461
24.410;-3.274835;1.078647
24.420;-3.286356;1.072845
24.430;-3.298984;1.067587
24.440;-3.313186;1.062328
24.450;-3.328957;1.056610
24.460;-3.345774;1.050159
24.470;-3.362701;1.042887
24.480;-3.378612;1.034878
24.490;-3.392462;1.026351
24.500;-3.403523;1.017611
24.510;-3.411516;1.008965
24.520;-3.416639;1.000608
24.530;-3.419496;0.992535
24.540;-3.420959;0.984500
24.550;-3.422002;0.976067
24.560;-3.423522;0.966731
24.570;-3.426166;0.956063
24.580;-3.430219;0.943855
24.590;-3.435556;0.930238
24.600;-3.441684;0.915729
24.610;-3.447848;0.901160
24.620;-3.453181;0.887492
24.630;-3.456893;0.875539
24.640;-3.458448;0.865739
24.650;-3.457679;0.858060
24.660;-3.454797;0.852069
24.670;-3.450302;0.847136
24.680;-3.444821;0.842687
24.690;-3.438954;0.838391
24.700;-3.433159;0.834245
24.710;-3.427722;0.830494
24.720;-3.422789;0.827456
24.730;-3.418426;0.825330
24.740;-3.414653;0.824092
24.750;-3.411407;0.823491
24.760;-3.408469;0.823141
24.770;-3.405420;0.822653
24.780;-3.401677;0.821767
24.790;-3.396625;0.820461
24.800;-3.389800;0.818976
24.810;-3.381043;0.817737
24.820;-3.370599;0.817202
24.830;-3.359091;0.817695
24.840;-3.347374;0.819290
24.850;-3.336311;0.821791
24.860;-3.326517;0.824800
24.870;-3.318173;0.827828
24.880;-3.310957;0.830424
24.890;-3.304143;0.832257
24.900;-3.296819;0.833159
24.910;-3.288159;0.833121
24.920;-3.277654;0.832239
24.930;-3.265224;0.830643
24.940;-3.251217;0.828428
24.950;-3.236320;0.825614
24.960;-3.221406;0.822175
24.970;-3.207371;0.818102
24.980;-3.194953;0.813487
24.990;-3.184582;0.808568
25.000;-3.176286;0.803717
25.010;-3.169685;0.799362
25.020;-3.164062;0.795851
25.030;-3.158508;0.793343
25.040;-3.152110;0.791756
25.050;-3.144150;0.790806
25.060;-3.134268;0.790105
25.070;-3.122509;0.789262
25.080;-3.109247;0.787965
25.090;-3.095006;0.786033
25.100;-3.080289;0.783430
25.110;-3.065462;0.780224
25.120;-3.050753;0.776516
25.130;-3.036340;0.772369
25.140;-3.022474;0.767766
25.150;-3.009557;0.762632
25.160;-2.998146;0.756900
25.170;-2.988866;0.750591
25.180;-2.982305;0.743865
25.190;-2.978913;0.737005
25.200;-2.978914;0.730332
25.210;-2.982234;0.724085
25.220;-2.988467;0.718334
25.230;-2.996908;0.712949
25.240;-3.006666;0.707643
25.250;-3.016856;0.702055
25.260;-3.026796;0.695879
25.270;-3.036144;0.688985
25.280;-3.044946;0.681499
25.290;-3.053579;0.673788
25.300;-3.062635;0.666341
25.310;-3.072775;0.659602
25.320;-3.084594;0.653835
25.330;-3.098515;0.649105
25.340;-3.114720;0.645323
25.350;-3.133127;0.642324
25.360;-3.153413;0.639913
25.370;-3.175086;0.637894
25.380;-3.197585;0.636110
25.390;-3.220353;0.634485
25.400;-3.242876;0.633057
25.410;-3.264697;0.631953
25.420;-3.285455;0.631329
25.430;-3.304990;0.631329
25.440;-3.323459;0.632084
25.450;-3.341409;0.633737
25.460;-3.359708;0.636444
25.470;-3.379352;0.640308
25.480;-3.401190;0.645288
25.490;-3.425676;0.651152
25.500;-3.452704;0.657510
25.510;-3.481559;0.663933
25.520;-3.510962;0.670067
25.530;-3.539212;0.675675
25.540;-3.564433;0.680594
25.550;-3.584877;0.684642
25.560;-3.599242;0.687574
25.570;-3.606910;0.689138
25.580;-3.608080;0.689172
25.590;-3.603726;0.687682
25.600;-3.595407;0.684847
25.610;-3.584939;0.680951
25.620;-3.574035;0.676287
25.630;-3.564002;0.671059
25.640;-3.555591;0.665307
25.650;-3.549000;0.658909
25.660;-3.543984;0.651631
25.670;-3.539983;0.643276
25.680;-3.536244;0.633842
25.690;-3.531920;0.623638
25.700;-3.526208;0.613244
25.710;-3.518498;0.603340
25.720;-3.508505;0.594502
25.730;-3.496315;0.587053
25.740;-3.482318;0.581033
25.750;-3.467056;0.576261
25.760;-3.451052;0.572433
25.770;-3.434698;0.569235
25.780;-3.418237;0.566441
25.790;-3.401826;0.563974
25.800;-3.385616;0.561906
25.810;-3.369797;0.560387
25.820;-3.354612;0.559550
25.830;-3.340360;0.559441
25.840;-3.327394;0.560028
25.850;-3.316090;0.561268
25.860;-3.306795;0.563187
25.870;-3.299752;0.565924
25.880;-3.295033;0.569715
25.890;-3.292520;0.574841
25.900;-3.291924;0.581549
25.910;-3.292856;0.589943
25.920;-3.294930;0.599891
25.930;-3.297856;0.610977
25.940;-3.301473;0.622565
25.950;-3.305693;0.633974
25.960;-3.310419;0.644701
25.970;-3.315480;0.654593
25.980;-3.320664;0.663890
25.990;-3.325822;0.673109
26.000;-3.330958;0.682827
26.010;-3.336245;0.693448
26.020;-3.341957;0.705076
26.030;-3.348362;0.717526
26.040;-3.355656;0.730435
26.050;-3.363956;0.743387
26.060;-3.373330;0.755996
26.070;-3.383823;0.767938
26.080;-3.395455;0.778971
26.090;-3.408176;0.788940
26.100;-3.421822;0.797772
26.110;-3.436091;0.805457
26.120;-3.450560;0.812039
26.130;-3.464727;0.817606
26.140;-3.478076;0.822271
26.150;-3.490156;0.826152
26.160;-3.500653;0.829344
26.170;-3.509452;0.831906
26.180;-3.516673;0.833850
26.190;-3.522661;0.835129
26.200;-3.527911;0.835624
26.210;-3.532939;0.835175
26.220;-3.538146;0.833658
26.230;-3.543732;0.831074
26.240;-3.549705;0.827575
26.250;-3.555955;0.823384
26.260;-3.562356;0.818639
26.270;-3.568827;0.813286
26.280;-3.575340;0.807101
26.290;-3.581867;0.799855
26.300;-3.588297;0.791505
26.310;-3.594391;0.782285
26.320;-3.599797;0.772633
26.330;-3.604108;0.763014
26.340;-3.606938;0.753729
26.350;-3.607948;0.744815
26.360;-3.606849;0.736058
26.370;-3.603398;0.727113
26.380;-3.597418;0.717690
26.390;-3.588826;0.707722
26.400;-3.577632;0.697457
26.410;-3.563900;0.687416
26.420;-3.547731;0.678250
26.430;-3.529274;0.670559
26.440;-3.508783;0.664734
26.450;-3.486645;0.660884
26.460;-3.463376;0.658832
26.470;-3.439592;0.658183
26.480;-3.415999;0.658450
26.490;-3.393411;0.659186
26.500;-3.372757;0.660121
26.510;-3.355022;0.661238
26.520;-3.341116;0.662791
26.530;-3.331717;0.665232
26.540;-3.327148;0.669069
26.550;-3.327357;0.674695
26.560;-3.331968;0.682259
26.570;-3.340354;0.691591
26.580;-3.351674;0.702221
26.590;-3.364882;0.713467
26.600;-3.378761;0.724596
26.610;-3.392059;0.735010
26.620;-3.403695;0.744421
26.630;-3.412991;0.752926
26.640;-3.419787;0.760940
26.650;-3.424385;0.769010
26.660;-3.427357;0.777594
26.670;-3.429291;0.786899
26.680;-3.430626;0.796838
26.690;-3.431618;0.807112
26.700;-3.432452;0.817372
26.710;-3.433343;0.827398
26.720;-3.434540;0.837192
26.730;-3.436224;0.846951
26.740;-3.438397;0.856921
26.750;-3.440907;0.867235
26.760;-3.443595;0.877819
26.770;-3.446484;0.888406
26.780;-3.449861;0.898636
26.790;-3.454217;0.908164
26.800;-3.460057;0.916755
26.810;-3.467679;0.924315
26.820;-3.477018;0.930863
26.830;-3.487631;0.936445
26.840;-3.498845;0.941050
26.850;-3.510001;0.944574
26.860;-3.520689;0.946843
26.870;-3.530868;0.947696
26.880;-3.540833;0.947073
26.890;-3.551058;0.945070
26.900;-3.562016;0.941913
26.910;-3.574050;0.937859
26.920;-3.587332;0.933103
26.930;-3.601898;0.927743
26.940;-3.617690;0.921822
26.950;-3.634556;0.915402
26.960;-3.652210;0.908621
26.970;-3.670192;0.901704
26.980;-3.687904;0.894902
26.990;-3.704737;0.888390
27.000;-3.720223;0.882177
27.010;-3.734129;0.876048
27.020;-3.746409;0.869618
27.030;-3.757051;0.862464
27.040;-3.765884;0.854309
27.050;-3.772448;0.845156
27.060;-3.776020;0.835317
27.070;-3.775797;0.825322
27.080;-3.771181;0.815767
27.090;-3.762036;0.807147
27.100;-3.748810;0.799718
27.110;-3.732474;0.793430
27.120;-3.714332;0.787963
27.130;-3.695806;0.782859
27.140;-3.678284;0.777718
27.150;-3.663033;0.772365
27.160;-3.651104;0.766934
27.170;-3.643172;0.761830
27.180;-3.639392;0.757597
27.190;-3.639341;0.754751
27.200;-3.642125;0.753636
27.210;-3.646625;0.754333
27.220;-3.651811;0.756637
27.230;-3.656999;0.760104
27.240;-3.661961;0.764165
27.250;-3.666853;0.768282
27.260;-3.672023;0.772085
27.270;-3.677798;0.775432
27.280;-3.684320;0.778383
27.290;-3.691473;0.781107
27.300;-3.698885;0.783758
27.310;-3.706012;0.786373
27.320;-3.712238;0.788811
27.330;-3.716957;0.790755
27.340;-3.719586;0.791799
27.350;-3.719585;0.791569
27.360;-3.716496;0.789841
27.370;-3.710065;0.786597
27.380;-3.700363;0.782009
27.390;-3.687861;0.776357
27.400;-3.673398;0.769925
27.410;-3.658040;0.762925
27.420;-3.642872;0.755474
27.430;-3.628788;0.747639
27.440;-3.616344;0.739523
27.450;-3.605717;0.731326
27.460;-3.596750;0.723334
27.470;-3.589045;0.715830
27.480;-3.582063;0.708981
27.490;-3.575241;0.702757
27.500;-3.568159;0.696914
27.510;-3.560722;0.691056
27.520;-3.553287;0.684768
27.530;-3.546632;0.677774
27.540;-3.541741;0.670063
27.550;-3.539450;0.661910
27.560;-3.540123;0.653783
27.570;-3.543463;0.646171
27.580;-3.548560;0.639410
27.590;-3.554140;0.633575
27.600;-3.558932;0.628502
27.610;-3.562018;0.623907
27.620;-3.563048;0.619563
27.630;-3.562256;0.615460
27.640;-3.560303;0.611852
27.650;-3.558041;0.609206
27.660;-3.556292;0.608042
27.670;-3.555689;0.608726
27.680;-3.556577;0.611303
27.690;-3.558938;0.615413
27.700;-3.562386;0.620366
27.710;-3.566258;0.625343
27.720;-3.569792;0.629661
27.730;-3.572367;0.632951
27.740;-3.573704;0.635191
27.750;-3.573979;0.636572
27.760;-3.573793;0.637312
27.770;-3.574001;0.637526
27.780;-3.575452;0.637232
27.790;-3.578723;0.636483
27.800;-3.583942;0.635504
27.810;-3.590787;0.634757
27.820;-3.598649;0.634868
27.830;-3.606886;0.636431
27.840;-3.615048;0.639767
27.850;-3.622971;0.644736
27.860;-3.630731;0.650720
27.870;-3.638514;0.656793
27.880;-3.646469;0.662008
27.890;-3.654617;0.665670
27.900;-3.662872;0.667467
27.910;-3.671152;0.667428
27.920;-3.679515;0.665785
27.930;-3.688206;0.662809
27.940;-3.697554;0.658728
27.950;-3.707774;0.653720
27.960;-3.718769;0.647950
27.970;-3.730053;0.641596
27.980;-3.740834;0.634835
27.990;-3.750223;0.627803
28.000;-3.757498;0.620583
28.010;-3.762300;0.613218
28.020;-3.764702;0.605761
28.030;-3.765133;0.598294
28.040;-3.764187;0.590916
28.050;-3.762429;0.583703
28.060;-3.760248;0.576671
28.070;-3.757788;0.569780
28.080;-3.754924;0.562987
28.090;-3.751307;0.556330
28.100;-3.746460;0.549970
28.110;-3.739956;0.544153
28.120;-3.731602;0.539108
28.130;-3.721565;0.534947
28.140;-3.710366;0.531624
28.150;-3.698748;0.528968
28.160;-3.687471;0.526754
28.170;-3.677133;0.524793
28.180;-3.668050;0.522987
28.190;-3.660233;0.521360
28.200;-3.653415;0.520028
28.210;-3.647134;0.519137
28.220;-3.640850;0.518772
28.230;-3.634080;0.518897
28.240;-3.626513;0.519354
28.250;-3.618087;0.519940
28.260;-3.608995;0.520510
28.270;-3.599610;0.521064
28.280;-3.590334;0.521744
28.290;-3.581405;0.522754
28.300;-3.572749;0.524237
28.310;-3.563940;0.526189
28.320;-3.554340;0.528441
28.330;-3.543383;0.530704
28.340;-3.530890;0.532666
28.350;-3.517293;0.534070
28.360;-3.503649;0.534779
28.370;-3.491423;0.534813
28.380;-3.482125;0.534373
28.390;-3.476924;0.533821
28.400;-3.476369;0.533601
28.410;-3.480301;0.534120
28.420;-3.487948;0.535643
28.430;-3.498151;0.538257
28.440;-3.509632;0.541912
28.450;-3.521248;0.546492
28.460;-3.532185;0.551886
28.470;-3.542074;0.558028
28.480;-3.551004;0.564895
28.490;-3.559399;0.572471
28.500;-3.567819;0.580687
28.510;-3.576747;0.589397
28.520;-3.586467;0.598400
28.530;-3.597046;0.607487
28.540;-3.608400;0.616458
28.550;-3.620371;0.625104
28.560;-3.632800;0.633193
28.570;-3.645592;0.640516
28.580;-3.658781;0.646970
28.590;-3.672569;0.652632
28.600;-3.687284;0.657773
28.610;-3.703275;0.662758
28.620;-3.720741;0.667864
28.630;-3.739549;0.673088
28.640;-3.759083;0.678059
28.650;-3.778209;0.682121
28.660;-3.795375;0.684562
28.670;-3.808870;0.684900
28.680;-3.817151;0.683091
28.690;-3.819134;0.679540
28.700;-3.814387;0.674925
28.710;-3.803195;0.669886
28.720;-3.786526;0.664765
28.730;-3.765900;0.659507
28.740;-3.743183;0.653791
28.750;-3.720290;0.647266
28.760;-3.698882;0.639782
28.770;-3.680108;0.631497
28.780;-3.664507;0.622841
28.790;-3.652079;0.614378
28.800;-3.642490;0.606634
28.810;-3.635322;0.599980
28.820;-3.630272;0.594582
28.830;-3.627248;0.590394
28.840;-3.626358;0.587202
28.850;-3.627790;0.584680
28.860;-3.631669;0.582501
28.870;-3.637926;0.580441
28.880;-3.646246;0.578456
28.890;-3.656104;0.576678
28.900;-3.666857;0.575341
28.910;-3.677865;0.574662
28.920;-3.688602;0.574774
28.930;-3.698733;0.575717
28.940;-3.708129;0.577481
28.950;-3.716807;0.580036
28.960;-3.724831;0.583337
28.970;-3.732192;0.587313
28.980;-3.738773;0.591858
28.990;-3.744414;0.596834
29.000;-3.749112;0.602094
29.010;-3.753260;0.607532
29.020;-3.757750;0.613132
29.030;-3.763828;0.619003
29.040;-3.772717;0.625382
29.050;-3.785199;0.632585
29.060;-3.801339;0.640932
29.070;-3.820459;0.650632
29.080;-3.841325;0.661687
29.090;-3.862460;0.673823
29.100;-3.882464;0.686490
29.110;-3.900282;0.698953
29.120;-3.915367;0.710479
29.130;-3.927719;0.720569
29.140;-3.937788;0.729146
29.150;-3.946290;0.736606
29.160;-3.954004;0.743673
29.170;-3.961600;0.751125
29.180;-3.969540;0.759489
29.190;-3.978024;0.768861
29.200;-3.986989;0.778884
29.210;-3.996116;0.788897
29.220;-4.004874;0.798141
29.230;-4.012598;0.805952
29.240;-4.018611;0.811890
29.250;-4.022377;0.815787
29.260;-4.023661;0.817723
29.270;-4.022628;0.817946
29.280;-4.019843;0.816767
29.290;-4.016146;0.814486
29.300;-4.012435;0.811387
29.310;-4.009434;0.807782
29.320;-4.007521;0.804034
29.330;-4.006690;0.800515
29.340;-4.006632;0.797487
29.350;-4.006889;0.795015
29.360;-4.007015;0.792961
29.370;-4.006695;0.791094
29.380;-4.005822;0.789240
29.390;-4.004509;0.787392
29.400;-4.003026;0.785706
29.410;-4.001690;0.784397
29.420;-4.000756;0.783574
29.430;-4.000377;0.783128
29.440;-4.000624;0.782757
29.450;-4.001549;0.782103
29.460;-4.003217;0.780916
29.470;-4.005694;0.779131
29.480;-4.008997;0.776846
29.490;-4.013038;0.774257
29.500;-4.017612;0.771611
29.510;-4.022445;0.769179
29.520;-4.027280;0.767233
29.530;-4.031966;0.765995
29.540;-4.036517;0.765599
29.550;-4.041091;0.766042
29.560;-4.045901;0.767168
29.570;-4.051058;0.768701
29.580;-4.056439;0.770331
29.590;-4.061632;0.771837
29.600;-4.066016;0.773188
29.610;-4.068931;0.774566
29.620;-4.069866;0.776307
29.630;-4.068613;0.778771
29.640;-4.065342;0.782199
29.650;-4.060599;0.786624
29.660;-4.055186;0.791853
29.670;-4.049935;0.797515
29.680;-4.045451;0.803137
29.690;-4.041920;0.808248
29.700;-4.039100;0.812488
29.710;-4.036528;0.815718
29.720;-4.033827;0.818071
29.730;-4.030956;0.819919
29.740;-4.028282;0.821744
29.750;-4.026475;0.823968
29.760;-4.026299;0.826790
29.770;-4.028389;0.830125
29.780;-4.033067;0.833652
29.790;-4.040210;0.836936
29.800;-4.049205;0.839583
29.810;-4.059016;0.841342
29.820;-4.068356;0.842154
29.830;-4.075951;0.842114
29.840;-4.080801;0.841385
29.850;-4.082401;0.840101
29.860;-4.080854;0.838301
29.870;-4.076863;0.835951
29.880;-4.071586;0.833029
29.890;-4.066380;0.829632
29.900;-4.062492;0.826011
29.910;-4.060767;0.822489
29.920;-4.061475;0.819319
29.930;-4.064300;0.816560
29.940;-4.068494;0.814063
29.950;-4.073117;0.811566
29.960;-4.077266;0.808837
29.970;-4.080234;0.805783
29.980;-4.081593;0.802451
29.990;-4.081211;0.798952
30.000;-4.079239;0.795365
30.010;-4.076058;0.791687
30.020;-4.072202;0.787861
30.030;-4.068255;0.783833
30.040;-4.064760;0.779575
30.050;-4.062166;0.775063
30.060;-4.060820;0.770250
30.070;-4.060991;0.765087
30.080;-4.062846;0.759571
30.090;-4.066405;0.753773
30.100;-4.071487;0.747835
30.110;-4.077713;0.741921
30.120;-4.084562;0.736169
30.130;-4.091448;0.730648
30.140;-4.097800;0.725334
30.150;-4.103149;0.720129
30.160;-4.107221;0.714921
30.170;-4.110000;0.709660
30.180;-4.111734;0.704406
30.190;-4.112869;0.699301
30.200;-4.113918;0.694505
30.210;-4.115322;0.690148
30.220;-4.117315;0.686323
30.230;-4.119839;0.683121
30.240;-4.122576;0.680651
30.250;-4.125078;0.679013
30.260;-4.126975;0.678213
30.270;-4.128118;0.678070
30.280;-4.128598;0.678183
30.290;-4.128630;0.678004
30.300;-4.128391;0.676984
30.310;-4.127896;0.674729
30.320;-4.126970;0.671105
30.330;-4.125322;0.666266
30.340;-4.122644;0.660618
30.350;-4.118702;0.654735
30.360;-4.113393;0.649233
30.370;-4.106778;0.644616
30.380;-4.099107;0.641142
30.390;-4.090814;0.638763
30.400;-4.082481;0.637172
30.410;-4.074748;0.635930
30.420;-4.068187;0.634627
30.430;-4.063190;0.632990
30.440;-4.059906;0.630910
30.450;-4.058257;0.628387
30.460;-4.058001;0.625471
30.470;-4.058796;0.622219
30.480;-4.060252;0.618720
30.490;-4.061987;0.615111
30.500;-4.063703;0.611583
30.510;-4.065289;0.608324
30.520;-4.066881;0.605450
30.530;-4.068828;0.602974
30.540;-4.071537;0.600841
30.550;-4.075262;0.599038
30.560;-4.079945;0.597715
30.570;-4.085181;0.597229
30.580;-4.090329;0.598048
30.590;-4.094716;0.600511
30.600;-4.097847;0.604585
30.610;-4.099538;0.609742
30.620;-4.099901;0.615048
30.630;-4.099217;0.619427
30.640;-4.097789;0.621979
30.650;-4.095862;0.622242
30.660;-4.093649;0.620327
30.670;-4.091404;0.616885
30.680;-4.089503;0.612927
30.690;-4.088451;0.609546
30.700;-4.088799;0.607607
30.710;-4.090961;0.607500
30.720;-4.095017;0.609043
30.730;-4.100577;0.611566
30.740;-4.106821;0.614181
30.750;-4.112705;0.616114
30.760;-4.117257;0.616988
30.770;-4.119860;0.616919
30.780;-4.120387;0.616359
30.790;-4.119167;0.615771
30.800;-4.116803;0.615296
30.810;-4.113932;0.614625
30.820;-4.111026;0.613154
30.830;-4.108294;0.610305
30.840;-4.105689;0.605832
30.850;-4.102974;0.599942
30.860;-4.099804;0.593212
30.870;-4.095790;0.586361
30.880;-4.090547;0.579990
30.890;-4.083772;0.574387
30.900;-4.075331;0.569476
30.910;-4.065339;0.564920
30.920;-4.054169;0.560329
30.930;-4.042365;0.555469
30.940;-4.030489;0.550369
30.950;-4.018986;0.545314
30.960;-4.008088;0.540775
30.970;-3.997817;0.537322
30.980;-3.988043;0.535515
30.990;-3.978572;0.535772
31.000;-3.969224;0.538228
31.010;-3.959857;0.542671
31.020;-3.950357;0.548588
31.030;-3.940617;0.555316
31.040;-3.930577;0.562226
31.050;-3.920284;0.568864
31.060;-3.909966;0.575003
31.070;-3.900055;0.580614
31.080;-3.891159;0.585777
31.090;-3.883961;0.590590
31.100;-3.879058;0.595097
31.110;-3.876780;0.599259
31.120;-3.877059;0.602958
31.130;-3.879401;0.606024
31.140;-3.882988;0.608290
31.150;-3.886890;0.609670
31.160;-3.890322;0.610213
31.170;-3.892836;0.610102
31.180;-3.894392;0.609616
31.190;-3.895272;0.609059
31.200;-3.895915;0.608711
31.210;-3.896744;0.608787
31.220;-3.898062;0.609415
31.230;-3.900027;0.610594
31.240;-3.902665;0.612164
31.250;-3.905885;0.613779
31.260;-3.909489;0.614953
31.270;-3.913191;0.615180
31.280;-3.916644;0.614109
31.290;-3.919505;0.611694
31.300;-3.921510;0.608236
31.310;-3.922568;0.604274
31.320;-3.922799;0.600373
31.330;-3.922493;0.596883
31.340;-3.921958;0.593811
31.350;-3.921336;0.590848
31.360;-3.920468;0.587530
31.370;-3.918900;0.583442
31.380;-3.916021;0.578364
31.390;-3.911266;0.572335
31.400;-3.904308;0.565663
31.410;-3.895151;0.558893
31.420;-3.884120;0.552717
31.430;-3.871755;0.547794
31.440;-3.858659;0.544538
31.450;-3.845348;0.542971
31.460;-3.832151;0.542717
31.470;-3.819182;0.543176
31.480;-3.806412;0.543769
31.490;-3.793774;0.544166
31.500;-3.781241;0.544369
31.510;-3.768847;0.544660
31.520;-3.756661;0.545445
31.530;-3.744775;0.547089
31.540;-3.733308;0.549789
31.550;-3.722429;0.553537
31.560;-3.712367;0.558151
31.570;-3.703391;0.563374
31.580;-3.695787;0.568976
31.590;-3.689825;0.574813
31.600;-3.685748;0.580821
31.610;-3.683751;0.586961
31.620;-3.683961;0.593157
31.630;-3.686391;0.599267
31.640;-3.690874;0.605109
31.650;-3.697032;0.610529
31.660;-3.704317;0.615459
31.670;-3.712120;0.619915
31.680;-3.719921;0.623930
31.690;-3.727410;0.627484
31.700;-3.734555;0.630485
31.710;-3.741563;0.632854
31.720;-3.748741;0.634666
31.730;-3.756308;0.636264
31.740;-3.764248;0.638239
31.750;-3.772290;0.641283
31.760;-3.779994;0.645941
31.770;-3.786895;0.652379
31.780;-3.792629;0.660277
31.790;-3.797014;0.668908
31.800;-3.800075;0.677366
31.810;-3.802011;0.684864
31.820;-3.803074;0.690950
31.830;-3.803419;0.695584
31.840;-3.802975;0.699066
31.850;-3.801410;0.701884
31.860;-3.798207;0.704529
31.870;-3.792853;0.707358
31.880;-3.785034;0.710525
31.890;-3.774786;0.713970
31.900;-3.762501;0.717450
31.910;-3.748820;0.720599
31.920;-3.734478;0.723044
31.930;-3.720164;0.724563
31.940;-3.706410;0.725201
31.950;-3.693482;0.725256
31.960;-3.681264;0.725119
31.970;-3.669206;0.725067
31.980;-3.656418;0.725135
31.990;-3.641916;0.725147
32.000;-3.624940;0.724851
32.010;-3.605227;0.724085
32.020;-3.583140;0.722871
32.030;-3.559618;0.721432
32.040;-3.535983;0.720103
32.050;-3.513678;0.719206
32.060;-3.494002;0.718925
32.070;-3.477918;0.719268
32.080;-3.465965;0.720121
32.090;-3.458272;0.721348
32.100;-3.454616;0.722889
32.110;-3.454487;0.724804
32.120;-3.457124;0.727230
32.130;-3.461560;0.730309
32.140;-3.466730;0.734101
32.150;-3.471658;0.738582
32.160;-3.475663;0.743684
32.170;-3.478445;0.749369
32.180;-3.480003;0.755643
32.190;-3.480432;0.762537
32.200;-3.479738;0.770050
32.210;-3.477806;0.778111
32.220;-3.474508;0.786568
32.230;-3.469883;0.795195
32.240;-3.464283;0.803714
32.250;-3.458350;0.811834
32.260;-3.452848;0.819329
32.270;-3.448386;0.826120
32.280;-3.445220;0.832328
32.290;-3.443213;0.838221
32.300;-3.441987;0.844078
32.310;-3.441154;0.850033
32.320;-3.440515;0.855987
32.330;-3.440147;0.861627
32.340;-3.440333;0.866535
32.350;-3.441382;0.870302
32.360;-3.443426;0.872641
32.370;-3.446306;0.873464
32.380;-3.449601;0.872943
32.390;-3.452770;0.871522
32.400;-3.455312;0.869841
32.410;-3.456881;0.868556
32.420;-3.457322;0.868104
32.430;-3.456655;0.868528
32.440;-3.455058;0.869441
32.450;-3.452858;0.870158
32.460;-3.450527;0.869934
32.470;-3.448626;0.868211
32.480;-3.447732;0.864768
32.490;-3.448325;0.859761
32.500;-3.450682;0.853657
32.510;-3.454779;0.847098
32.520;-3.460244;0.840734
32.530;-3.466380;0.835048
32.540;-3.472277;0.830216
32.550;-3.477009;0.826058
32.560;-3.479850;0.822098
32.570;-3.480444;0.817755
32.580;-3.478867;0.812563
32.590;-3.475565;0.806358
32.600;-3.471200;0.799330
32.610;-3.466459;0.791945
32.620;-3.461899;0.784761
32.630;-3.457871;0.778238
32.640;-3.454544;0.772600
32.650;-3.451999;0.767807
32.660;-3.450328;0.763609
32.670;-3.449697;0.759645
32.680;-3.450335;0.755530
32.690;-3.452454;0.750926
32.700;-3.456128;0.745588
32.710;-3.461185;0.739430
32.720;-3.467181;0.732582
32.730;-3.473475;0.725409
32.740;-3.479417;0.718446
32.750;-3.484536;0.712254
32.760;-3.488677;0.707234
32.770;-3.492028;0.703499
32.780;-3.495034;0.700861
32.790;-3.498237;0.698920
32.800;-3.502121;0.697203
32.810;-3.507012;0.695310
32.820;-3.513053;0.693002
32.830;-3.520205;0.690229
32.840;-3.528259;0.687095
32.850;-3.536861;0.683800
32.860;-3.545582;0.680604
32.870;-3.554027;0.677828
32.880;-3.561935;0.675863
32.890;-3.569210;0.675109
32.900;-3.575876;0.675840
32.910;-3.581983;0.678066
32.920;-3.587541;0.681460
32.930;-3.592506;0.685402
32.940;-3.596831;0.689133
32.950;-3.600522;0.691972
32.960;-3.603655;0.693525
32.970;-3.606349;0.693808
32.980;-3.608702;0.693243
32.990;-3.610722;0.692502
33.000;-3.612272;0.692270
33.010;-3.613052;0.693034
33.020;-3.612653;0.694975
33.030;-3.610670;0.697979
33.040;-3.606867;0.701730
33.050;-3.601327;0.705830
33.060;-3.594525;0.709896
33.070;-3.587272;0.713594
33.080;-3.580557;0.716627
33.090;-3.575326;0.718724
33.100;-3.572280;0.719682
33.110;-3.571731;0.719446
33.120;-3.573550;0.718184
33.130;-3.577197;0.716293
33.140;-3.581853;0.714292
33.150;-3.586629;0.712657
33.160;-3.590797;0.711658
33.170;-3.594005;0.711266
33.180;-3.596379;0.711172
33.190;-3.598491;0.710908
33.200;-3.601217;0.710011
33.210;-3.605512;0.708154
33.220;-3.612191;0.705211
33.230;-3.621759;0.701229
33.240;-3.634339;0.696370
33.250;-3.649689;0.690856
33.260;-3.667309;0.684927
33.270;-3.686545;0.678820
33.280;-3.706677;0.672750
33.290;-3.726974;0.666892
33.300;-3.746789;0.661346
33.310;-3.765734;0.656113
33.320;-3.783925;0.651104
33.330;-3.802180;0.646189
33.340;-3.822030;0.641270
33.350;-3.845456;0.636334
33.360;-3.874398;0.631451
33.370;-3.910140;0.626743
33.380;-3.952752;0.622338
33.390;-4.000768;0.618341
33.400;-4.051217;0.614806
33.410;-4.100018;0.611704
33.420;-4.142686;0.608942
33.430;-4.175157;0.606428
33.440;-4.194566;0.604150
33.450;-4.199775;0.602203
33.460;-4.191533;0.600720
33.470;-4.172223;0.599744
33.480;-4.145280;0.599123
33.490;-4.114446;0.598510
33.500;-4.083059;0.597492
33.510;-4.053575;0.595791
33.520;-4.027378;0.593434
33.530;-4.004878;0.590803
33.540;-3.985804;0.588531
33.550;-3.969570;0.587287
33.560;-3.955589;0.587534
33.570;-3.943488;0.589361
33.580;-3.933200;0.592458
33.590;-3.924967;0.596248
33.600;-3.919253;0.600110
33.610;-3.916585;0.603587
33.620;-3.917345;0.606504
33.630;-3.921591;0.608958
33.640;-3.928986;0.611198
33.650;-3.938858;0.613460
33.660;-3.950370;0.615843
33.670;-3.962696;0.618277
33.680;-3.975148;0.620581
33.690;-3.987237;0.622540
33.700;-3.998661;0.623944
33.710;-4.009251;0.624602
33.720;-4.018898;0.624334
33.730;-4.027487;0.623009
33.740;-4.034896;0.620600
33.750;-4.041043;0.617255
33.760;-4.045964;0.613336
33.770;-4.049849;0.609384
33.780;-4.052994;0.605988
33.790;-4.055682;0.603567
33.800;-4.058052;0.602153
33.810;-4.060029;0.601281
33.820;-4.061307;0.600108
33.830;-4.061402;0.597751
33.840;-4.059755;0.593702
33.850;-4.055886;0.588108
33.860;-4.049546;0.581766
33.870;-4.040809;0.575840
33.880;-4.030053;0.571437
33.890;-4.017860;0.569238
33.900;-4.004857;0.569304
33.910;-3.991595;0.571136
33.920;-3.978483;0.573910
33.930;-3.965819;0.576781
33.940;-3.953871;0.579143
33.950;-3.942960;0.580756
33.960;-3.933484;0.581722
33.970;-3.925849;0.582364
33.980;-3.920353;0.583057
33.990;-3.917062;0.584105
34.000;-3.915756;0.585688
34.010;-3.915963;0.587853
34.020;-3.917080;0.590535
34.030;-3.918526;0.593595
34.040;-3.919895;0.596862
34.050;-3.921041;0.600183
34.060;-3.922089;0.603428
34.070;-3.923357;0.606456
34.080;-3.925224;0.609084
34.090;-3.927949;0.611108
34.100;-3.931519;0.612404
34.110;-3.935584;0.613015
34.120;-3.939550;0.613166
34.130;-3.942806;0.613160
34.140;-3.944978;0.613223
34.150;-3.946048;0.613360
34.160;-3.946308;0.613342
34.170;-3.946165;0.612825
34.180;-3.945927;0.611568
34.190;-3.945674;0.609597
34.200;-3.945283;0.607210
34.210;-3.944545;0.604812
34.220;-3.943310;0.602710
34.230;-3.941555;0.601009
34.240;-3.939362;0.599659
34.250;-3.936850;0.598579
34.260;-3.934127;0.597772
34.270;-3.931302;0.597344
34.280;-3.928515;0.597455
34.290;-3.925948;0.598239
34.300;-3.923783;0.599746
34.310;-3.922139;0.601914
34.320;-3.921037;0.604585
34.330;-3.920415;0.607544
34.340;-3.920194;0.610564
34.350;-3.920324;0.613466
34.360;-3.920790;0.616173
34.370;-3.921548;0.618747
34.380;-3.922447;0.621379
34.390;-3.923186;0.624340
34.400;-3.923365;0.627908
34.410;-3.922672;0.632309
34.420;-3.921099;0.637670
34.430;-3.919046;0.643976
34.440;-3.917194;0.651036
34.450;-3.916201;0.658490
34.460;-3.916368;0.665859
34.470;-3.917438;0.672646
34.480;-3.918638;0.678450
34.490;-3.918910;0.683099
34.500;-3.917229;0.686725
34.510;-3.912888;0.689747
34.520;-3.905668;0.692733
34.530;-3.895875;0.696206
34.540;-3.884230;0.700463
34.550;-3.871682;0.705475
34.560;-3.859196;0.710912
34.570;-3.847573;0.716255
34.580;-3.837342;0.720970
34.590;-3.828731;0.724657
34.600;-3.821719;0.727155
34.610;-3.816144;0.728585
34.620;-3.811824;0.729317
34.630;-3.808640;0.729869
34.640;-3.806563;0.730718
34.650;-3.805626;0.732105
34.660;-3.805872;0.733914
34.670;-3.807301;0.735719
34.680;-3.809860;0.736958
34.690;-3.813476;0.737140
34.700;-3.818107;0.735971
34.710;-3.823759;0.733391
34.720;-3.830457;0.729546
34.730;-3.838198;0.724754
34.740;-3.846902;0.719465
34.750;-3.856402;0.714199
34.760;-3.866477;0.709442
34.770;-3.876938;0.705508
34.780;-3.887730;0.702404
34.790;-3.898982;0.699758
34.800;-3.910932;0.696885
34.810;-3.923750;0.692996
34.820;-3.937345;0.687496
34.830;-3.951267;0.680243
34.840;-3.964792;0.671630
34.850;-3.977158;0.662456
34.860;-3.987827;0.653598
34.870;-3.996656;0.645659
34.880;-4.003893;0.638721
34.890;-4.010017;0.632336
34.900;-4.015513;0.625745
34.910;-4.020680;0.618213
34.920;-4.025568;0.609363
34.930;-4.030011;0.599370
34.940;-4.033718;0.588986
34.950;-4.036341;0.579398
34.960;-4.037488;0.571957
34.970;-4.036726;0.567842
34.980;-4.033589;0.567737
34.990;-4.027640;0.571604
35.000;-4.018581;0.578661
35.010;-4.006386;0.587571
35.020;-3.991392;0.596795
35.030;-3.974315;0.604992
35.040;-3.956129;0.611378
35.050;-3.937864;0.615928
35.060;-3.920372;0.619362
35.070;-3.904176;0.622885
35.080;-3.889455;0.627765
35.090;-3.876168;0.634881
35.100;-3.864243;0.644408
35.110;-3.853757;0.655713
35.120;-3.844998;0.667523
35.130;-3.838408;0.678316
35.140;-3.834411;0.686807
35.150;-3.833219;0.692372
35.160;-3.834683;0.695221
35.170;-3.838261;0.696266
35.180;-3.843092;0.696755
35.190;-3.848177;0.697827
35.200;-3.852599;0.700165
35.210;-3.855727;0.703855
35.220;-3.857324;0.708449
35.230;-3.857550;0.713179
35.240;-3.856854;0.717224
35.250;-3.855789;0.719938
35.260;-3.854794;0.720997
35.270;-3.854040;0.720443
35.280;-3.853389;0.718620
35.290;-3.852509;0.716040
35.300;-3.851103;0.713214
35.310;-3.849127;0.710538
35.320;-3.846900;0.708230
35.330;-3.845041;0.706323
35.340;-3.844266;0.704711
35.350;-3.845147;0.703224
35.360;-3.847919;0.701714
35.370;-3.852421;0.700127
35.380;-3.858170;0.698512
35.390;-3.864553;0.696985
35.400;-3.871049;0.695661
35.410;-3.877405;0.694595
35.420;-3.883727;0.693755
35.430;-3.890411;0.693029
35.440;-3.897970;0.692286
35.450;-3.906783;0.691455
35.460;-3.916905;0.690590
35.470;-3.927984;0.689890
35.480;-3.939327;0.689634
35.490;-3.950059;0.690098
35.500;-3.959292;0.691496
35.510;-3.966274;0.693958
35.520;-3.970487;0.697520
35.530;-3.971715;0.702074
35.540;-3.970065;0.707329
35.550;-3.965931;0.712806
35.560;-3.959885;0.717928
35.570;-3.952538;0.722173
35.580;-3.944410;0.725232
35.590;-3.935857;0.727098
35.600;-3.927072;0.728053
35.610;-3.918131;0.728562
35.620;-3.909027;0.729113
35.630;-3.899701;0.730064
35.640;-3.890080;0.731554
35.650;-3.880146;0.733491
35.660;-3.870022;0.735629
35.670;-3.860000;0.737712
35.680;-3.850497;0.739625
35.690;-3.841936;0.741498
35.700;-3.834599;0.743699
35.710;-3.828500;0.746716
35.720;-3.823344;0.750996
35.730;-3.818609;0.756767
35.740;-3.813731;0.763942
35.750;-3.808331;0.772096
35.760;-3.802361;0.780539
35.770;-3.796107;0.788457
35.780;-3.790042;0.795098
35.790;-3.784596;0.799949
35.800;-3.779937;0.802839
35.810;-3.775865;0.803962
35.820;-3.771876;0.803816
35.830;-3.767370;0.803077
35.840;-3.761916;0.802422
35.850;-3.755436;0.802330
35.860;-3.748239;0.802912
35.870;-3.740904;0.803837
35.880;-3.734100;0.804391
35.890;-3.728421;0.803693
35.900;-3.724297;0.801031
35.910;-3.721965;0.796172
35.920;-3.721483;0.789509
35.930;-3.722744;0.781939
35.940;-3.725500;0.774545
35.950;-3.729405;0.768242
35.960;-3.734068;0.763523
35.970;-3.739119;0.760386
35.980;-3.744251;0.758438
35.990;-3.749247;0.757092
36.000;-3.753994;0.755787
36.010;-3.758486;0.754148
36.020;-3.762779;0.752056
36.030;-3.766905;0.749610
36.040;-3.770767;0.747024
36.050;-3.774099;0.744490
36.060;-3.776506;0.742108
36.070;-3.777603;0.739908
36.080;-3.777173;0.737972
36.090;-3.775293;0.736527
36.100;-3.772347;0.735941
36.110;-3.768901;0.736579
36.120;-3.765473;0.738607
36.130;-3.762310;0.741862
36.140;-3.759273;0.745856
36.150;-3.755896;0.749930
36.160;-3.751584;0.753477
36.170;-3.745842;0.756137
36.180;-3.738452;0.757872
36.190;-3.729513;0.758918
36.200;-3.719351;0.759631
36.210;-3.708366;0.760313
36.220;-3.696882;0.761101
36.230;-3.685080;0.761976
36.240;-3.673008;0.762852
36.250;-3.660655;0.763652
36.260;-3.648036;0.764318
36.270;-3.635257;0.764744
36.280;-3.622543;0.764745
36.290;-3.610215;0.764092
36.300;-3.598631;0.762611
36.310;-3.588112;0.760263
36.320;-3.578882;0.757178
36.330;-3.571070;0.753617
36.340;-3.564750;0.749918
36.350;-3.559981;0.746432
36.360;-3.556804;0.743469
36.370;-3.555196;0.741242
36.380;-3.555034;0.739840
36.390;-3.556081;0.739240
36.400;-3.558017;0.739366
36.410;-3.560476;0.740141
36.420;-3.563056;0.741494
36.430;-3.565322;0.743305
36.440;-3.566785;0.745359
36.450;-3.566933;0.747338
36.460;-3.565318;0.748879
36.470;-3.561691;0.749671
36.480;-3.556125;0.749555
36.490;-3.549059;0.748589
36.500;-3.541243;0.747049
36.510;-3.533564;0.745351
36.520;-3.526808;0.743942
36.530;-3.521433;0.743177
36.540;-3.517446;0.743214
36.550;-3.514426;0.743947
36.560;-3.511669;0.745019
36.570;-3.508408;0.745920
36.580;-3.504032;0.746154
36.590;-3.498250;0.745410
36.600;-3.491175;0.743680
36.610;-3.483310;0.741282
36.620;-3.475432;0.738742
36.630;-3.468426;0.736591
36.640;-3.463117;0.735133
36.650;-3.460125;0.734322
36.660;-3.459774;0.733798
36.670;-3.462034;0.733067
36.680;-3.466511;0.731740
36.690;-3.472463;0.729717
36.700;-3.478872;0.727213
36.710;-3.484598;0.724620
36.720;-3.488616;0.722301
36.730;-3.490315;0.720408
36.740;-3.489738;0.718838
36.750;-3.487651;0.717330
36.760;-3.485366;0.715651
36.770;-3.484382;0.713757
36.780;-3.485964;0.711826
36.790;-3.490798;0.710163
36.800;-3.498838;0.709021
36.810;-3.509381;0.708469
36.820;-3.521329;0.708367
36.830;-3.533530;0.708443
36.840;-3.545064;0.708425
36.850;-3.555398;0.708143
36.860;-3.564401;0.707570
36.870;-3.572215;0.706784
36.880;-3.579049;0.705861
36.890;-3.584982;0.704761
36.900;-3.589906;0.703289
36.910;-3.593630;0.701175
36.920;-3.596082;0.698197
36.930;-3.597473;0.694295
36.940;-3.598326;0.689587
36.950;-3.599348;0.684322
36.960;-3.601213;0.678786
36.970;-3.604366;0.673205
36.980;-3.608928;0.667689
36.990;-3.614722;0.662219
37.000;-3.621384;0.656687
37.010;-3.628492;0.650978
37.020;-3.635675;0.645044
37.030;-3.642656;0.638944
37.040;-3.649235;0.632835
37.050;-3.655263;0.626937
37.060;-3.660625;0.621482
37.070;-3.665241;0.616647
37.080;-3.669053;0.612492
37.090;-3.671972;0.608924
37.100;-3.673824;0.605696
37.110;-3.674348;0.602459
37.120;-3.673286;0.598836
37.130;-3.670510;0.594516
37.140;-3.666123;0.589327
37.150;-3.660476;0.583311
37.160;-3.654083;0.576756
37.170;-3.647509;0.570182
37.180;-3.641249;0.564256
37.190;-3.635646;0.559642
37.200;-3.630847;0.556837
37.210;-3.626815;0.556054
37.220;-3.623393;0.557176
37.230;-3.620412;0.559772
37.240;-3.617772;0.563143
37.250;-3.615479;0.566427
37.260;-3.613642;0.568763
37.270;-3.612477;0.569516
37.280;-3.612303;0.568481
37.290;-3.613496;0.565974
37.300;-3.616370;0.562719
37.310;-3.621019;0.559578
37.320;-3.627229;0.557243
37.330;-3.634524;0.556046
37.340;-3.642332;0.555958
37.350;-3.650192;0.556732
37.360;-3.657901;0.558079
37.370;-3.665544;0.559804
37.380;-3.673417;0.561863
37.390;-3.681867;0.564334
37.400;-3.691119;0.567318
37.410;-3.701153;0.570797
37.420;-3.711692;0.574548
37.430;-3.722340;0.578153
37.440;-3.732789;0.581104
37.450;-3.742985;0.582980
37.460;-3.753121;0.583613
37.470;-3.763458;0.583177
37.480;-3.774107;0.582174
37.490;-3.784907;0.581294
37.500;-3.795504;0.581208
37.510;-3.805585;0.582375
37.520;-3.815090;0.584914
37.530;-3.824293;0.588569
37.540;-3.833673;0.592777
37.550;-3.843675;0.596794
37.560;-3.854467;0.599833
37.570;-3.865800;0.601204
37.580;-3.877000;0.600429
37.590;-3.887099;0.597317
37.600;-3.895062;0.591999
37.610;-3.900037;0.584884
37.620;-3.901553;0.576563
37.630;-3.899593;0.567664
37.640;-3.894518;0.558708
37.650;-3.886903;0.550004
37.660;-3.877381;0.541639
37.670;-3.866569;0.533545
37.680;-3.855086;0.525612
37.690;-3.843595;0.517787
37.700;-3.832800;0.510132
37.710;-3.823361;0.502850
37.720;-3.815769;0.496229
37.730;-3.810243;0.490532
37.740;-3.806690;0.485854
37.750;-3.804759;0.482060
37.760;-3.803950;0.478822
37.770;-3.803753;0.475771
37.780;-3.803759;0.472660
37.790;-3.803708;0.469494
37.800;-3.803485;0.466545
37.810;-3.803053;0.464241
37.820;-3.802393;0.462975
37.830;-3.801493;0.462910
37.840;-3.800370;0.463892
37.850;-3.799090;0.465496
37.860;-3.797747;0.467200
37.870;-3.796405;0.468597
37.880;-3.795056;0.469519
37.890;-3.793638;0.470037
37.900;-3.792117;0.470326
37.910;-3.790593;0.470495
37.920;-3.789371;0.470481
37.930;-3.788959;0.470081
37.940;-3.789958;0.469090
37.950;-3.792887;0.467456
37.960;-3.797998;0.465352
37.970;-3.805170;0.463119
37.980;-3.813937;0.461117
37.990;-3.823635;0.459570
38.000;-3.833611;0.458491
38.010;-3.843388;0.457755
38.020;-3.852739;0.457257
38.030;-3.861652;0.457061
38.040;-3.870241;0.457422
38.050;-3.878658;0.458645
38.060;-3.887045;0.460864
38.070;-3.895522;0.463860
38.080;-3.904163;0.467038
38.090;-3.912963;0.469621
38.100;-3.921790;0.470954
38.110;-3.930384;0.470747
38.120;-3.938396;0.469117
38.130;-3.945477;0.466436
38.140;-3.951328;0.463113
38.150;-3.955717;0.459447
38.160;-3.958461;0.455608
38.170;-3.959439;0.451695
38.180;-3.958646;0.447808
38.190;-3.956254;0.444074
38.200;-3.952633;0.440632
38.210;-3.948293;0.437599
38.220;-3.943745;0.435031
38.230;-3.939362;0.432908
38.240;-3.935292;0.431127
38.250;-3.931464;0.429531
38.260;-3.927707;0.427964
38.270;-3.923902;0.426380
38.280;-3.920114;0.424952
38.290;-3.916622;0.424124
38.300;-3.913823;0.424545
38.310;-3.912074;0.426888
38.320;-3.911511;0.431618
38.330;-3.911963;0.438810
38.340;-3.912988;0.448088
38.350;-3.914038;0.458715
38.360;-3.914678;0.469804
38.370;-3.914752;0.480560
38.380;-3.914458;0.490454
38.390;-3.914300;0.499278
38.400;-3.914929;0.507072
38.410;-3.916942;0.514003
38.420;-3.920722;0.520244
38.430;-3.926380;0.525910
38.440;-3.933806;0.531055
38.450;-3.942776;0.535702
38.460;-3.953052;0.539888
38.470;-3.964409;0.543695
38.480;-3.976596;0.547255
38.490;-3.989285;0.550717
38.500;-4.002063;0.554215
38.510;-4.014499;0.557849
38.520;-4.026233;0.561678
38.530;-4.037039;0.565699
38.540;-4.046833;0.569825
38.550;-4.055637;0.573914
38.560;-4.063549;0.577864
38.570;-4.070713;0.581719
38.580;-4.077314;0.585708
38.590;-4.083556;0.590132
38.600;-4.089637;0.595160
38.610;-4.095681;0.600659
38.620;-4.101651;0.606166
38.630;-4.107275;0.611008
38.640;-4.112065;0.614535
38.650;-4.115444;0.616345
38.660;-4.116943;0.616416
38.670;-4.116385;0.615091
38.680;-4.113953;0.612919
38.690;-4.110112;0.610445
38.700;-4.105446;0.608056
38.710;-4.100441;0.605914
38.720;-4.095305;0.603979
38.730;-4.089858;0.602087
38.740;-4.083577;0.600055
38.750;-4.075820;0.597765
38.760;-4.066170;0.595200
38.770;-4.054740;0.592405
38.780;-4.042279;0.589417
38.790;-4.030022;0.586224
38.800;-4.019331;0.582772
38.810;-4.011308;0.579018
38.820;-4.006503;0.574958
38.830;-4.004817;0.570605
38.840;-4.005557;0.565948
38.850;-4.007630;0.560942
38.860;-4.009822;0.555571
38.870;-4.011111;0.549964
38.880;-4.010940;0.544448
38.890;-4.009380;0.539507
38.900;-4.007104;0.535645
38.910;-4.005183;0.533227
38.920;-4.004786;0.532380
38.930;-4.006890;0.532989
38.940;-4.012091;0.534754
38.950;-4.020547;0.537294
38.960;-4.032034;0.540247
38.970;-4.046067;0.543343
38.980;-4.062023;0.546434
38.990;-4.079237;0.549475
39.000;-4.097069;0.552459
39.010;-4.114950;0.555346
39.020;-4.132410;0.558032
39.030;-4.149098;0.560365
39.040;-4.164801;0.562195
39.050;-4.179475;0.563440
39.060;-4.193235;0.564156
39.070;-4.206305;0.564549
39.080;-4.218910;0.564911
39.090;-4.231157;0.565489
39.100;-4.242963;0.566370
39.110;-4.254068;0.567456
39.120;-4.264116;0.568518
39.130;-4.272786;0.569301
39.140;-4.279899;0.569608
39.150;-4.285463;0.569363
39.160;-4.289635;0.568637
39.170;-4.292606;0.567612
39.180;-4.294492;0.566508
39.190;-4.295269;0.565464
39.200;-4.294799;0.564466
39.210;-4.292914;0.563355
39.220;-4.289515;0.561923
39.230;-4.284657;0.560032
39.240;-4.278596;0.557678
39.250;-4.271793;0.554974
39.260;-4.264869;0.552090
39.270;-4.258511;0.549191
39.280;-4.253369;0.546430
39.290;-4.249967;0.543964
39.300;-4.248652;0.541988
39.310;-4.249594;0.540701
39.320;-4.252815;0.540225
39.330;-4.258208;0.540482
39.340;-4.265560;0.541137
39.350;-4.274542;0.541671
39.360;-4.284718;0.541579
39.370;-4.295572;0.540598
39.380;-4.306570;0.538812
39.390;-4.317238;0.536590
39.400;-4.327239;0.534379
39.410;-4.336415;0.532501
39.420;-4.344796;0.531056
39.430;-4.352559;0.529947
39.440;-4.359941;0.528964
39.450;-4.367102;0.527852
39.460;-4.374010;0.526346
39.470;-4.380421;0.524224
39.480;-4.385980;0.521397
39.490;-4.390422;0.517975
39.500;-4.393752;0.514259
39.510;-4.396293;0.510641
39.520;-4.398581;0.507462
39.530;-4.401136;0.504856
39.540;-4.404223;0.502663
39.550;-4.407679;0.500437
39.560;-4.410907;0.497585
39.570;-4.413040;0.493580
39.580;-4.413218;0.488155
39.590;-4.410854;0.481374
39.600;-4.405766;0.473575
39.610;-4.398131;0.465221
39.620;-4.388324;0.456733
39.630;-4.376767;0.448361
39.640;-4.363875;0.440129
39.650;-4.350091;0.431848
39.660;-4.335935;0.423220
39.670;-4.322001;0.413999
39.680;-4.308911;0.404181
39.690;-4.297263;0.394112
39.700;-4.287610;0.384443
39.710;-4.280474;0.375897
39.720;-4.276326;0.368959
39.730;-4.275515;0.363666
39.740;-4.278156;0.359615
39.750;-4.284031;0.356174
39.760;-4.292570;0.352763
39.770;-4.302954;0.349057
39.780;-4.314322;0.345027
39.790;-4.326023;0.340825
39.800;-4.337784;0.336603
39.810;-4.349734;0.332391
39.820;-4.362253;0.328103
39.830;-4.375735;0.323651
39.840;-4.390392;0.319087
39.850;-4.406191;0.314665
39.860;-4.422937;0.310787
39.870;-4.440419;0.307870
39.880;-4.458515;0.306161
39.890;-4.477189;0.305598
39.900;-4.496403;0.305738
39.910;-4.516008;0.305783
39.920;-4.535676;0.304737
39.930;-4.554917;0.301650
39.940;-4.573119;0.295912
39.950;-4.589581;0.287494
39.960;-4.603520;0.277013
39.970;-4.614051;0.265556
39.980;-4.620211;0.254321
39.990;-4.621072;0.244234
40.000;-4.615956;0.235713
40.010;-4.604675;0.228654
40.020;-4.587708;0.222603
40.030;-4.566166;0.216978
40.040;-4.541578;0.211282
40.050;-4.515546;0.205236
40.060;-4.489438;0.198823
40.070;-4.464215;0.192219
40.080;-4.440412;0.185671
40.090;-4.418240;0.179343
40.100;-4.397717;0.173234
40.110;-4.378807;0.167173
40.120;-4.361531;0.160878
40.130;-4.346055;0.154064
40.140;-4.332707;0.146525
40.150;-4.321892;0.138204
40.160;-4.313955;0.129222
40.170;-4.309038;0.119875
40.180;-4.307012;0.110596
40.190;-4.307476;0.101849
40.200;-4.309798;0.094008
40.210;-4.313165;0.087263
40.220;-4.316653;0.081590
40.230;-4.319337;0.076809
40.240;-4.320451;0.072678
40.250;-4.319542;0.068978
40.260;-4.316557;0.065569
40.270;-4.311829;0.062393
40.280;-4.305967;0.059430
40.290;-4.299704;0.056641
40.300;-4.293752;0.053948
40.310;-4.288674;0.051283
40.320;-4.284823;0.048658
40.330;-4.282334;0.046202
40.340;-4.281206;0.044135
40.350;-4.281393;0.042679
40.360;-4.282862;0.041964
40.370;-4.285571;0.041963
40.380;-4.289393;0.042513
40.390;-4.294051;0.043384
40.400;-4.299117;0.044375
40.410;-4.304089;0.045392
40.420;-4.308503;0.046500
40.430;-4.312033;0.047900
40.440;-4.314528;0.049836
40.450;-4.315957;0.052451
40.460;-4.316309;0.055678
40.470;-4.315493;0.059231
40.480;-4.313313;0.062734
40.490;-4.309555;0.065904
40.500;-4.304151;0.068706
40.510;-4.297323;0.071380
40.520;-4.289618;0.074340
40.530;-4.281779;0.077991
40.540;-4.274502;0.082556
40.550;-4.268172;0.088005
40.560;-4.262713;0.094097
40.570;-4.257614;0.100484
40.580;-4.252128;0.106823
40.590;-4.245525;0.112833
40.600;-4.237311;0.118308
40.610;-4.227302;0.123121
40.620;-4.215571;0.127244
40.630;-4.202326;0.130832
40.640;-4.187811;0.134300
40.650;-4.172281;0.138296
40.660;-4.156059;0.143524
40.670;-4.139579;0.150462
40.680;-4.123362;0.159138
40.690;-4.107884;0.169089
40.700;-4.093406;0.179531
40.710;-4.079877;0.189651
40.720;-4.066969;0.198891
40.730;-4.054242;0.207114
40.740;-4.041378;0.214603
40.750;-4.028349;0.221900
40.760;-4.015449;0.229556
40.770;-4.003183;0.237914
40.780;-3.992070;0.246995
40.790;-3.982455;0.256547
40.800;-3.974371;0.266203
40.810;-3.967476;0.275669
40.820;-3.961141;0.284854
40.830;-3.954678;0.293878
40.840;-3.947658;0.302991
40.850;-3.940169;0.312435
40.860;-3.932878;0.322312
40.870;-3.926875;0.332523
40.880;-3.923339;0.342801
40.890;-3.923159;0.352824
40.900;-3.926630;0.362321
40.910;-3.933355;0.371123
40.920;-3.942382;0.379149
40.930;-3.952510;0.386383
40.940;-3.962597;0.392869
40.950;-3.971754;0.398717
40.960;-3.979365;0.404081
40.970;-3.985011;0.409108
40.980;-3.988370;0.413873
40.990;-3.989159;0.418348
41.000;-3.987158;0.422423
41.010;-3.982271;0.425973
41.020;-3.974596;0.428930
41.030;-3.964449;0.431309
41.040;-3.952322;0.433186
41.050;-3.938793;0.434657
41.060;-3.924416;0.435815
41.070;-3.909644;0.436752
41.080;-3.894807;0.437568
41.090;-3.880131;0.438341
41.100;-3.865790;0.439097
41.110;-3.851951;0.439781
41.120;-3.838810;0.440287
41.130;-3.826613;0.440511
41.140;-3.815652;0.440436
41.150;-3.806212;0.440200
41.160;-3.798490;0.440125
41.170;-3.792510;0.440673
41.180;-3.788056;0.442342
41.190;-3.784669;0.445519
41.200;-3.781720;0.450336
41.210;-3.778542;0.456570
41.220;-3.774579;0.463615
41.230;-3.769487;0.470575
41.240;-3.763193;0.476479
41.250;-3.755902;0.480588
41.260;-3.748089;0.482666
41.270;-3.740438;0.483096
41.280;-3.733699;0.482747
41.290;-3.728474;0.482636
41.300;-3.725036;0.483543
41.310;-3.723260;0.485734
41.320;-3.722702;0.488925
41.330;-3.722756;0.492462
41.340;-3.722811;0.495616
41.350;-3.722364;0.497837
41.360;-3.721100;0.498901
41.370;-3.718955;0.498906
41.380;-3.716101;0.498179
41.390;-3.712848;0.497139
41.400;-3.709492;0.496153
41.410;-3.706206;0.495392
41.420;-3.703015;0.494751
41.430;-3.699878;0.493861
41.440;-3.696791;0.492234
41.450;-3.693833;0.489483
41.460;-3.691125;0.485498
41.470;-3.688706;0.480517
41.480;-3.686391;0.475041
41.490;-3.683730;0.469659
41.500;-3.680101;0.464853
41.510;-3.674913;0.460832
41.520;-3.667820;0.457476
41.530;-3.658834;0.454389
41.540;-3.648297;0.451075
41.550;-3.636766;0.447150
41.560;-3.624885;0.442508
41.570;-3.613291;0.437372
41.580;-3.602548;0.432224
41.590;-3.593101;0.427656
41.600;-3.585184;0.424218
41.610;-3.578748;0.422288
41.620;-3.573439;0.421983
41.630;-3.568673;0.423142
41.640;-3.563805;0.425356
41.650;-3.558303;0.428067
41.660;-3.551892;0.430686
41.670;-3.544640;0.432740
41.680;-3.536991;0.433998
41.690;-3.529728;0.434536
41.700;-3.523839;0.434699
41.710;-3.520272;0.434968
41.720;-3.519645;0.435787
41.730;-3.521968;0.437432
41.740;-3.526518;0.439941
41.750;-3.531937;0.443099
41.760;-3.536592;0.446478
41.770;-3.539074;0.449511
41.780;-3.538658;0.451597
41.790;-3.535525;0.452207
41.800;-3.530670;0.451004
41.810;-3.525523;0.447946
41.820;-3.521443;0.443345
41.830;-3.519263;0.437824
41.840;-3.519054;0.432174
41.850;-3.520194;0.427133
41.860;-3.521694;0.423177
41.870;-3.522627;0.420395
41.880;-3.522495;0.418505
41.890;-3.521340;0.416997
41.900;-3.519599;0.415341
41.910;-3.517776;0.413172
41.920;-3.516114;0.410385
41.930;-3.514432;0.407155
41.940;-3.512183;0.403853
41.950;-3.508696;0.400877
41.960;-3.503489;0.398443
41.970;-3.496497;0.396439
41.980;-3.488144;0.394447
41.990;-3.479215;0.391932
42.000;-3.470609;0.388502
42.010;-3.463041;0.384090
42.020;-3.456824;0.378990
42.030;-3.451787;0.373775
42.040;-3.447390;0.369142
42.050;-3.442981;0.365737
42.060;-3.438064;0.363997
42.070;-3.432477;0.364027
42.080;-3.426374;0.365558
42.090;-3.420085;0.367990
42.100;-3.413934;0.370523
42.110;-3.408119;0.372343
42.120;-3.402693;0.372839
42.130;-3.397628;0.371772
42.140;-3.392900;0.369357
42.150;-3.388539;0.366195
42.160;-3.384616;0.363072
42.170;-3.381193;0.360678
42.180;-3.378278;0.359393
42.190;-3.375815;0.359212
42.200;-3.373748;0.359840
42.210;-3.372093;0.360883
42.220;-3.370984;0.362051
42.230;-3.370640;0.363282
42.240;-3.371273;0.364732
42.250;-3.372990;0.366622
42.260;-3.375715;0.369030
42.270;-3.379172;0.371748
42.280;-3.382937;0.374286
42.290;-3.386564;0.376032
42.300;-3.389750;0.376487
42.310;-3.392455;0.375463
42.320;-3.394942;0.373165
42.330;-3.397682;0.370113
42.340;-3.401176;0.366938
42.350;-3.405747;0.364143
42.360;-3.411398;0.361920
42.370;-3.417767;0.360113
42.380;-3.424199;0.358323
42.390;-3.429937;0.356088
42.400;-3.434361;0.353035
42.410;-3.437245;0.348954
42.420;-3.438887;0.343806
42.430;-3.440064;0.337707
42.440;-3.441791;0.330908
42.450;-3.444995;0.323749
42.460;-3.450233;0.316576
42.470;-3.457524;0.309654
42.480;-3.466335;0.303116
42.490;-3.475699;0.296977
42.500;-3.484465;0.291184
42.510;-3.491586;0.285686
42.520;-3.496383;0.280475
42.530;-3.498656;0.275591
42.540;-3.498635;0.271058
42.550;-3.496799;0.266788
42.560;-3.493661;0.262540
42.570;-3.489622;0.257977
42.580;-3.484960;0.252825
42.590;-3.479914;0.247032
42.600;-3.474786;0.240838
42.610;-3.469950;0.234688
42.620;-3.465718;0.229043
42.630;-3.462166;0.224167
42.640;-3.459023;0.220001
42.650;-3.455759;0.216174
42.660;-3.451851;0.212196
42.670;-3.447074;0.207716
42.680;-3.441651;0.202731
42.690;-3.436182;0.197607
42.700;-3.431410;0.192908
42.710;-3.427950;0.189151
42.720;-3.426085;0.186632
42.730;-3.425691;0.185407
42.740;-3.426336;0.185396
42.750;-3.427495;0.186497
42.760;-3.428765;0.188633
42.770;-3.429974;0.191735
42.780;-3.431157;0.195684
42.790;-3.432424;0.200291
42.800;-3.433821;0.205302
42.810;-3.435260;0.210447
42.820;-3.436558;0.215489
42.830;-3.437570;0.220282
42.840;-3.438306;0.224821
42.850;-3.438970;0.229254
42.860;-3.439897;0.233826
42.870;-3.441445;0.238768
42.880;-3.443907;0.244173
42.890;-3.447461;0.249928
42.900;-3.452142;0.255741
42.910;-3.457832;0.261263
42.920;-3.464287;0.266206
42.930;-3.471234;0.270422
42.940;-3.478497;0.273893
42.950;-3.486098;0.276674
42.960;-3.494237;0.278845
42.970;-3.503170;0.280501
42.980;-3.513031;0.281769
42.990;-3.523730;0.282820
43.000;-3.534970;0.283845
43.010;-3.546363;0.285019
43.020;-3.557558;0.286500
43.030;-3.568336;0.288473
43.040;-3.578659;0.291226
43.050;-3.588673;0.295195
43.060;-3.598655;0.300910
43.070;-3.608933;0.308843
43.080;-3.619806;0.319216
43.090;-3.631518;0.331868
43.100;-3.644277;0.346243
43.110;-3.658261;0.361538
43.120;-3.673586;0.376921
43.130;-3.690190;0.391728
43.140;-3.707709;0.405559
43.150;-3.725422;0.418279
43.160;-3.742347;0.429929
43.170;-3.757495;0.440584
43.180;-3.770167;0.450212
43.190;-3.780135;0.458599
43.200;-3.787640;0.465419
43.210;-3.793208;0.470418
43.220;-3.797363;0.473635
43.230;-3.800381;0.475491
43.240;-3.802188;0.476699
43.250;-3.802452;0.478013
43.260;-3.800818;0.479952
43.270;-3.797153;0.482626
43.280;-3.791678;0.485728
43.290;-3.784932;0.488688
43.300;-3.777611;0.490907
43.310;-3.770376;0.491966
43.320;-3.763739;0.491727
43.330;-3.758025;0.490289
43.340;-3.753387;0.487855
43.350;-3.749826;0.484584
43.360;-3.747194;0.480510
43.370;-3.745227;0.475555
43.380;-3.743602;0.469631
43.390;-3.742026;0.462755
43.400;-3.740293;0.455121
43.410;-3.738324;0.447093
43.420;-3.736136;0.439131
43.430;-3.733781;0.431709
43.440;-3.731282;0.425231
43.450;-3.728589;0.419950
43.460;-3.725610;0.415901
43.470;-3.722274;0.412864
43.480;-3.718583;0.410428
43.490;-3.714582;0.408143
43.500;-3.710232;0.405714
43.510;-3.705288;0.403114
43.520;-3.699273;0.400575
43.530;-3.691638;0.398446
43.540;-3.682027;0.397029
43.550;-3.670531;0.396490
43.560;-3.657754;0.396877
43.570;-3.644657;0.398194
43.580;-3.632239;0.400452
43.590;-3.621205;0.403628
43.600;-3.611796;0.407602
43.610;-3.603802;0.412114
43.620;-3.596721;0.416795
43.630;-3.589953;0.421251
43.640;-3.582967;0.425161
43.650;-3.575398;0.428362
43.660;-3.567076;0.430893
43.670;-3.558015;0.432996
43.680;-3.548370;0.435061
43.690;-3.538422;0.437536
43.700;-3.528555;0.440816
43.710;-3.519246;0.445142
43.720;-3.510998;0.450550
43.730;-3.504208;0.456892
43.740;-3.499005;0.463900
43.750;-3.495128;0.471265
43.760;-3.491947;0.478709
43.770;-3.488624;0.486012
43.780;-3.484363;0.493012
43.790;-3.478663;0.499576
43.800;-3.471473;0.505580
43.810;-3.463188;0.510888
43.820;-3.454486;0.515363
43.830;-3.446080;0.518897
43.840;-3.438494;0.521477
43.850;-3.431921;0.523239
43.860;-3.426217;0.524469
43.870;-3.420977;0.525504
43.880;-3.415692;0.526599
43.890;-3.409899;0.527811
43.900;-3.403311;0.528961
43.910;-3.395895;0.529694
43.920;-3.387919;0.529592
43.930;-3.379957;0.528325
43.940;-3.372821;0.525794
43.950;-3.367391;0.522197
43.960;-3.364369;0.517991
43.970;-3.364044;0.513760
43.980;-3.366167;0.510026
43.990;-3.370018;0.507120
44.000;-3.374609;0.505129
44.010;-3.378961;0.503935
44.020;-3.382346;0.503291
44.030;-3.384427;0.502900
44.040;-3.385255;0.502484
44.050;-3.385153;0.501843
44.060;-3.384544;0.500880
44.070;-3.383762;0.499606
44.080;-3.382933;0.498107
44.090;-3.381952;0.496492
44.100;-3.380572;0.494832
44.110;-3.378558;0.493126
44.120;-3.375816;0.491285
44.130;-3.372471;0.489162
44.140;-3.368860;0.486594
44.150;-3.365472;0.483470
44.160;-3.362869;0.479779
44.170;-3.361578;0.475638
44.180;-3.361986;0.471274
44.190;-3.364256;0.466983
44.200;-3.368281;0.463057
44.210;-3.373724;0.459684
44.220;-3.380117;0.456866
44.230;-3.386964;0.454399
44.240;-3.393826;0.451962
44.250;-3.400359;0.449265
44.260;-3.406329;0.446170
44.270;-3.411610;0.442710
44.280;-3.416187;0.438993
44.290;-3.420166;0.435079
44.300;-3.423790;0.430899
44.310;-3.427447;0.426280
44.320;-3.431632;0.421061
44.330;-3.436881;0.415212
44.340;-3.443663;0.408872
44.350;-3.452262;0.402283
44.360;-3.462702;0.395666
44.370;-3.474741;0.389117
44.380;-3.487973;0.382585
44.390;-3.501992;0.375947
44.400;-3.516501;0.369122
44.410;-3.531327;0.362149
44.420;-3.546322;0.355172
44.430;-3.561240;0.348375
44.440;-3.575683;0.341889
44.450;-3.589154;0.335751
44.460;-3.601168;0.329889
44.470;-3.611373;0.324160
44.480;-3.619598;0.318401
44.490;-3.625820;0.312512
44.500;-3.630085;0.306519
44.510;-3.632451;0.300613
44.520;-3.632989;0.295114
44.530;-3.631846;0.290376
44.540;-3.629304;0.286646
44.550;-3.625763;0.283956
44.560;-3.621624;0.282118
44.570;-3.617146;0.280846
44.580;-3.612355;0.279939
44.590;-3.607056;0.279441
44.600;-3.600916;0.279657
44.610;-3.593558;0.281049
44.620;-3.584628;0.284043
44.630;-3.573833;0.288867
44.640;-3.560971;0.295466
44.650;-3.545986;0.303535
44.660;-3.529055;0.312621
44.670;-3.510672;0.322260
44.680;-3.491669;0.332046
44.690;-3.473123;0.341643
44.700;-3.456188;0.350725
44.710;-3.441889;0.358926
44.720;-3.430943;0.365831
44.730;-3.423655;0.371026
44.740;-3.419931;0.374217
44.750;-3.419384;0.375372
44.760;-3.421495;0.374788
44.770;-3.425737;0.373033
44.780;-3.431651;0.370738
44.790;-3.438851;0.368355
44.800;-3.447011;0.365990
44.810;-3.455817;0.363409
44.820;-3.464920;0.360212
44.830;-3.473883;0.356064
44.840;-3.482188;0.350881
44.850;-3.489303;0.344896
44.860;-3.494814;0.338583
44.870;-3.498576;0.332478
44.880;-3.500798;0.326972
44.890;-3.502001;0.322150
44.900;-3.502860;0.317780
44.910;-3.504009;0.313435
44.920;-3.505885;0.308701
44.930;-3.508661;0.303330
44.940;-3.512253;0.297320
44.950;-3.516372;0.290879
44.960;-3.520603;0.284358
44.970;-3.524516;0.278144
44.980;-3.527803;0.272550
44.990;-3.530380;0.267716
45.000;-3.532428;0.263557
45.010;-3.534329;0.259774
45.020;-3.536541;0.255945
45.030;-3.539462;0.251637
45.040;-3.543328;0.246560
45.050;-3.548137;0.240673
45.060;-3.553614;0.234218
45.070;-3.559205;0.227659
45.080;-3.564151;0.221530
45.090;-3.567642;0.216273
45.100;-3.569034;0.212106
45.110;-3.568054;0.208964
45.120;-3.564912;0.206532
45.130;-3.560256;0.204357
45.140;-3.554967;0.201971
45.150;-3.549863;0.198993
45.160;-3.545445;0.195192
45.170;-3.541787;0.190518
45.180;-3.538597;0.185132
45.190;-3.535414;0.179381
45.200;-3.531838;0.173718
45.210;-3.527727;0.168580
45.220;-3.523286;0.164298
45.230;-3.519014;0.161081
45.240;-3.515517;0.159044
45.250;-3.513271;0.158239
45.260;-3.512443;0.158639
45.270;-3.512882;0.160084
45.280;-3.514252;0.162250
45.290;-3.516223;0.164697
45.300;-3.518604;0.166986
45.310;-3.521355;0.168802
45.320;-3.524523;0.170022
45.330;-3.528119;0.170674
45.340;-3.532002;0.170852
45.350;-3.535815;0.170635
45.360;-3.538998;0.170049
45.370;-3.540920;0.169078
45.380;-3.541093;0.167695
45.390;-3.539385;0.165889
45.400;-3.536136;0.163685
45.410;-3.532102;0.161154
45.420;-3.528268;0.158423
45.430;-3.525568;0.155690
45.440;-3.524617;0.153224
45.450;-3.525546;0.151330
45.460;-3.528004;0.150274
45.470;-3.531342;0.150196
45.480;-3.534885;0.151050
45.490;-3.538156;0.152585
45.500;-3.540946;0.154391
45.510;-3.543216;0.155984
45.520;-3.544941;0.156892
45.530;-3.546022;0.156768
45.540;-3.546308;0.155515
45.550;-3.545716;0.153372
45.560;-3.544348;0.150907
45.570;-3.542532;0.148863
45.580;-3.540732;0.147915
45.590;-3.539364;0.148439
45.600;-3.538601;0.150392
45.610;-3.538277;0.153365
45.620;-3.537963;0.156760
45.630;-3.537176;0.160029
45.640;-3.535599;0.162874
45.650;-3.533217;0.165311
45.660;-3.530313;0.167598
45.670;-3.527336;0.170059
45.680;-3.524720;0.172914
45.690;-3.522746;0.176196
45.700;-3.521496;0.179751
45.710;-3.520881;0.183310
45.720;-3.520680;0.186568
45.730;-3.520571;0.189267
45.740;-3.520164;0.191273
45.750;-3.519078;0.192623
45.760;-3.517044;0.193508
45.770;-3.513991;0.194215
45.780;-3.510073;0.195036
45.790;-3.505627;0.196188
45.800;-3.501104;0.197737
45.810;-3.496986;0.199560
45.820;-3.493732;0.201364
45.830;-3.491731;0.202777
45.840;-3.491265;0.203468
45.850;-3.492445;0.203253
45.860;-3.495151;0.202148
45.870;-3.499022;0.200369
45.880;-3.503502;0.198287
45.890;-3.507953;0.196353
45.900;-3.511782;0.195015
45.910;-3.514565;0.194635
45.920;-3.516113;0.195419
45.930;-3.516478;0.197360
45.940;-3.515891;0.200199
45.950;-3.514636;0.203453
45.960;-3.512920;0.206502
45.970;-3.510792;0.208764
45.980;-3.508155;0.209863
45.990;-3.504857;0.209763
46.000;-3.500830;0.208802
46.010;-3.496194;0.207612
46.020;-3.491265;0.206918
46.030;-3.486464;0.207274
46.040;-3.482160;0.208837
46.050;-3.478536;0.211273
46.060;-3.475543;0.213871
46.070;-3.472965;0.215807
46.080;-3.470565;0.216468
46.090;-3.468255;0.215680
46.100;-3.466189;0.213771
46.110;-3.464741;0.211418
46.120;-3.464382;0.209375
46.130;-3.465514;0.208203
46.140;-3.468358;0.208107
46.150;-3.472904;0.208916
46.160;-3.478907;0.210187
46.170;-3.485915;0.211361
46.180;-3.493356;0.211935
46.190;-3.500658;0.211615
46.200;-3.507361;0.210378
46.210;-3.513148;0.208440
46.220;-3.517815;0.206127
46.230;-3.521225;0.203718
46.240;-3.523325;0.201355
46.250;-3.524217;0.199048
46.260;-3.524221;0.196771
46.270;-3.523877;0.194571
46.280;-3.523857;0.192612
46.290;-3.524843;0.191124
46.300;-3.527397;0.190257
46.310;-3.531853;0.189958
46.320;-3.538249;0.189943
46.330;-3.546319;0.189810
46.340;-3.555544;0.189217
46.350;-3.565271;0.188068
46.360;-3.574835;0.186576
46.370;-3.583687;0.185191
46.380;-3.591486;0.184409
46.390;-3.598158;0.184534
46.400;-3.603903;0.185521
46.410;-3.609111;0.186965
46.420;-3.614220;0.188256
46.430;-3.619550;0.188857
46.440;-3.625189;0.188554
46.450;-3.630981;0.187559
46.460;-3.636612;0.186421
46.470;-3.641771;0.185785
46.480;-3.646297;0.186126
46.490;-3.650265;0.187574
46.500;-3.653949;0.189896
46.510;-3.657694;0.192610
46.520;-3.661743;0.195174
46.530;-3.666101;0.197158
46.540;-3.670505;0.198372
46.550;-3.674507;0.198923
46.560;-3.677649;0.199197
46.570;-3.679639;0.199764
46.580;-3.680458;0.201203
46.590;-3.680356;0.203884
46.600;-3.679747;0.207798
46.610;-3.679061;0.212511
46.620;-3.678639;0.217280
46.630;-3.678705;0.221295
46.640;-3.679423;0.223943
46.650;-3.680963;0.225011
46.660;-3.683495;0.224753
46.670;-3.687115;0.223798
46.680;-3.691749;0.222936
46.690;-3.697124;0.222848
46.700;-3.702820;0.223884
46.710;-3.708372;0.225962
46.720;-3.713384;0.228614
46.730;-3.717611;0.231165
46.740;-3.720981;0.232978
46.750;-3.723553;0.233660
46.760;-3.725438;0.233186
46.770;-3.726722;0.231894
46.780;-3.727451;0.230373
46.790;-3.727663;0.229271
46.800;-3.727439;0.229074
46.810;-3.726940;0.229914
46.820;-3.726396;0.231482
46.830;-3.726030;0.233106
46.840;-3.725960;0.233999
46.850;-3.726139;0.233568
46.860;-3.726387;0.231675
46.870;-3.726530;0.228687
46.880;-3.726560;0.225317
46.890;-3.726720;0.222334
46.900;-3.727472;0.220294
46.910;-3.729361;0.219413
46.920;-3.732845;0.219581
46.930;-3.738164;0.220493
46.940;-3.745264;0.221800
46.950;-3.753794;0.223241
46.960;-3.763170;0.224694
46.970;-3.772706;0.226135
46.980;-3.781752;0.227539
46.990;-3.789792;0.228806
47.000;-3.796468;0.229782
47.010;-3.801561;0.230382
47.020;-3.804978;0.230705
47.030;-3.806778;0.231043
47.040;-3.807209;0.231738
47.050;-3.806724;0.232977
47.060;-3.805928;0.234666
47.070;-3.805475;0.236468
47.080;-3.805940;0.237991
47.090;-3.807729;0.238999
47.100;-3.811039;0.239506
47.110;-3.815861;0.239695
47.120;-3.821994;0.239720
47.130;-3.829066;0.239553
47.140;-3.836573;0.238993
47.150;-3.843948;0.237823
47.160;-3.850676;0.236016
47.170;-3.856395;0.233837
47.180;-3.860971;0.231761
47.190;-3.864501;0.230266
47.200;-3.867262;0.229614
47.210;-3.869594;0.229740
47.220;-3.871788;0.230292
47.230;-3.873982;0.230819
47.240;-3.876112;0.230979
47.250;-3.877911;0.230673
47.260;-3.878988;0.230060
47.270;-3.878970;0.229462
47.280;-3.877684;0.229232
47.290;-3.875295;0.229642
47.300;-3.872316;0.230806
47.310;-3.869486;0.232637
47.320;-3.867544;0.234845
47.330;-3.867001;0.236971
47.340;-3.868005;0.238497
47.350;-3.870316;0.239000
47.360;-3.873407;0.238300
47.370;-3.876635;0.236516
47.380;-3.879429;0.233991
47.390;-3.881454;0.231143
47.400;-3.882670;0.228330
47.410;-3.883307;0.225812
47.420;-3.883751;0.223772
47.430;-3.884425;0.222341
47.440;-3.885693;0.221563
47.450;-3.887796;0.221355
47.460;-3.890800;0.221483
47.470;-3.894557;0.221620
47.480;-3.898731;0.221447
47.490;-3.902916;0.220765
47.500;-3.906831;0.219556
47.510;-3.910483;0.217971
47.520;-3.914195;0.216241
47.530;-3.918486;0.214580
47.540;-3.923853;0.213111
47.550;-3.930533;0.211865
47.560;-3.938359;0.210804
47.570;-3.946775;0.209844
47.580;-3.955004;0.208846
47.590;-3.962283;0.207605
47.600;-3.968036;0.205861
47.610;-3.971927;0.203357
47.620;-3.973815;0.199932
47.630;-3.973662;0.195606
47.640;-3.971470;0.190598
47.650;-3.967277;0.185271
47.660;-3.961224;0.180009
47.670;-3.953625;0.175095
47.680;-3.945001;0.170622
47.690;-3.936036;0.166490
47.700;-3.927441;0.162452
47.710;-3.919769;0.158201
47.720;-3.913264;0.153468
47.730;-3.907808;0.148096
47.740;-3.902996;0.142094
47.750;-3.898299;0.135639
47.760;-3.893249;0.129029
47.770;-3.887586;0.122586
47.780;-3.881298;0.116548
47.790;-3.874588;0.110999
47.800;-3.867772;0.105891
47.810;-3.861174;0.101133
47.820;-3.855049;0.096705
47.830;-3.849533;0.092721
47.840;-3.844635;0.089386
47.850;-3.840260;0.086874
47.860;-3.836255;0.085195
47.870;-3.832467;0.084148
47.880;-3.828804;0.083412
47.890;-3.825295;0.082713
47.900;-3.822123;0.081971
47.910;-3.819588;0.081341
47.920;-3.818007;0.081146
47.930;-3.817566;0.081728
47.940;-3.818210;0.083315
47.950;-3.819612;0.085927
47.960;-3.821223;0.089375
47.970;-3.822377;0.093343
47.980;-3.822434;0.097522
47.990;-3.820950;0.101711
48.000;-3.817839;0.105864
48.010;-3.813459;0.110019
48.020;-3.808572;0.114205
48.030;-3.804172;0.118368
48.040;-3.801236;0.122383
48.050;-3.800477;0.126130
48.060;-3.802187;0.129565
48.070;-3.806207;0.132726
48.080;-3.812011;0.135690
48.090;-3.818834;0.138518
48.100;-3.825801;0.141215
48.110;-3.832064;0.143730
48.120;-3.836942;0.145971
48.130;-3.840038;0.147854
48.140;-3.841298;0.149342
48.150;-3.840998;0.150474
48.160;-3.839650;0.151355
48.170;-3.837886;0.152120
48.180;-3.836316;0.152882
48.190;-3.835391;0.153722
48.200;-3.835283;0.154682
48.210;-3.835801;0.155772
48.220;-3.836385;0.156953
48.230;-3.836209;0.158126
48.240;-3.834360;0.159135
48.250;-3.830043;0.159823
48.260;-3.822740;0.160102
48.270;-3.812274;0.160011
48.280;-3.798808;0.159732
48.290;-3.782820;0.159553
48.300;-3.765050;0.159781
48.310;-3.746421;0.160646
48.320;-3.727883;0.162193
48.330;-3.710205;0.164233
48.340;-3.693794;0.166369
48.350;-3.678615;0.168114
48.360;-3.664281;0.169042
48.370;-3.650278;0.168933
48.380;-3.636221;0.167841
48.390;-3.622057;0.166070
48.400;-3.608112;0.164074
48.410;-3.594991;0.162308
48.420;-3.583377;0.161094
48.430;-3.573823;0.160529
48.440;-3.566627;0.160490
48.450;-3.561802;0.160728
48.460;-3.559118;0.160991
48.470;-3.558189;0.161113
48.480;-3.558549;0.161043
48.490;-3.559688;0.160836
48.500;-3.561061;0.160634
48.510;-3.562087;0.160655
48.520;-3.562214;0.161193
48.530;-3.561032;0.162581
48.540;-3.558385;0.165119
48.550;-3.554389;0.168954
48.560;-3.549322;0.173964
48.570;-3.543461;0.179737
48.580;-3.536951;0.185681
48.590;-3.529813;0.191239
48.600;-3.522077;0.196093
48.610;-3.513956;0.200246
48.620;-3.505935;0.203954
48.630;-3.498699;0.207538
48.640;-3.492921;0.211232
48.650;-3.489004;0.215106
48.660;-3.486918;0.219078
48.670;-3.486219;0.222946
48.680;-3.486245;0.226413
48.690;-3.486396;0.229133
48.700;-3.486380;0.230784
48.710;-3.486316;0.231167
48.720;-3.486654;0.230266
48.730;-3.487941;0.228238
48.740;-3.490564;0.225338
48.750;-3.494576;0.221839
48.760;-3.499697;0.217960
48.770;-3.505464;0.213862
48.780;-3.511424;0.209672
48.790;-3.517284;0.205536
48.800;-3.522970;0.201635
48.810;-3.528606;0.198157
48.820;-3.534440;0.195236
48.830;-3.540753;0.192883
48.840;-3.547752;0.190943
48.850;-3.555474;0.189108
48.860;-3.563731;0.186981
48.870;-3.572133;0.184209
48.880;-3.580167;0.180625
48.890;-3.587292;0.176362
48.900;-3.593014;0.171879
48.910;-3.596947;0.167869
48.920;-3.598883;0.165075
48.930;-3.598872;0.164028
48.940;-3.597269;0.164814
48.950;-3.594695;0.166981
48.960;-3.591892;0.169666
48.970;-3.589528;0.171916
48.980;-3.588033;0.173062
48.990;-3.587515;0.172978
49.000;-3.587757;0.172119
49.010;-3.588291;0.171336
49.020;-3.588514;0.171576
49.030;-3.587857;0.173569
49.040;-3.585924;0.177623
49.050;-3.582588;0.183578
49.060;-3.577982;0.190916
49.070;-3.572425;0.198985
49.080;-3.566309;0.207224
49.090;-3.559994;0.215322
49.100;-3.553742;0.223255
49.110;-3.547677;0.231208
49.120;-3.541773;0.239421
49.130;-3.535864;0.248020
49.140;-3.529690;0.256915
49.150;-3.522992;0.265802
49.160;-3.515635;0.274273
49.170;-3.507714;0.281973
49.180;-3.499598;0.288726
49.190;-3.491886;0.294600
49.200;-3.485291;0.299840
49.210;-3.480501;0.304731
49.220;-3.478038;0.309432
49.230;-3.478162;0.313895
49.240;-3.480825;0.317945
49.250;-3.485702;0.321448
49.260;-3.492277;0.324450
49.270;-3.499949;0.327171
49.280;-3.508113;0.329867
49.290;-3.516241;0.332676
49.300;-3.523944;0.335556
49.310;-3.531032;0.338329
49.320;-3.537534;0.340786
49.330;-3.543638;0.342776
49.340;-3.549561;0.344257
49.350;-3.555410;0.345265
49.360;-3.561099;0.345863
49.370;-3.566383;0.346089
49.380;-3.570978;0.345949
49.390;-3.574686;0.345470
49.400;-3.577486;0.344764
49.410;-3.579540;0.344052
49.420;-3.581152;0.343621
49.430;-3.582705;0.343723
49.440;-3.584576;0.344483
49.450;-3.587079;0.345856
49.460;-3.590405;0.347642
49.470;-3.594583;0.349550
49.480;-3.599444;0.351271
49.490;-3.604615;0.352547
49.500;-3.609559;0.353227
49.510;-3.613671;0.353302
49.520;-3.616404;0.352900
49.530;-3.617402;0.352240
49.540;-3.616588;0.351559
49.550;-3.614179;0.351048
49.560;-3.610650;0.350827
49.570;-3.606658;0.350946
49.580;-3.602925;0.351374
49.590;-3.600093;0.351971
49.600;-3.598572;0.352489
49.610;-3.598438;0.352656
49.620;-3.599426;0.352286
49.630;-3.601052;0.351375
49.640;-3.602816;0.350106
49.650;-3.604419;0.348760
49.660;-3.605891;0.347580
49.670;-3.607582;0.346652
49.680;-3.610007;0.345826
49.690;-3.613606;0.344757
49.700;-3.618524;0.343038
49.710;-3.624493;0.340410
49.720;-3.630878;0.336931
49.730;-3.636865;0.333024
49.740;-3.641732;0.329359
49.750;-3.645059;0.326614
49.760;-3.646807;0.325200
49.770;-3.647238;0.325097
49.780;-3.646743;0.325859
49.790;-3.645679;0.326783
49.800;-3.644283;0.327160
49.810;-3.642702;0.326478
49.820;-3.641076;0.324541
49.830;-3.639611;0.321473
49.840;-3.638546;0.317643
49.850;-3.638050;0.313532
49.860;-3.638099;0.309584
49.870;-3.638435;0.306087
49.880;-3.638655;0.303102
49.890;-3.638390;0.300481
49.900;-3.637480;0.297939
49.910;-3.636063;0.295156
49.920;-3.634509;0.291871
49.930;-3.633234;0.287927
49.940;-3.632482;0.283284
49.950;-3.632161;0.278002
49.960;-3.631860;0.272231
49.970;-3.631023;0.266189
49.980;-3.629222;0.260146
49.990;-3.626364;0.254383
50.000;-3.622720;0.249158
50.010;-3.618773;0.244691
50.020;-3.614965;0.241155
50.030;-3.611502;0.238659
50.040;-3.608281;0.237216
50.050;-3.604991;0.236699
50.060;-3.601293;0.236822
50.070;-3.597015;0.237183
50.080;-3.592251;0.237379
50.090;-3.587350;0.237143
50.100;-3.582799;0.236444
50.110;-3.579088;0.235492
50.120;-3.576599;0.234634
50.130;-3.575540;0.234185
50.140;-3.575906;0.234260
50.150;-3.577462;0.234696
50.160;-3.579766;0.235120
50.170;-3.582255;0.235129
50.180;-3.584366;0.234519
50.190;-3.585665;0.233405
50.200;-3.585928;0.232198
50.210;-3.585148;0.231415
50.220;-3.583496;0.231405
50.230;-3.581251;0.232129
50.240;-3.578749;0.233093
50.250;-3.576370;0.233504
50.260;-3.574546;0.232592
50.270;-3.573741;0.229927
50.280;-3.574383;0.225606
50.290;-3.576758;0.220231
50.300;-3.580905;0.214711
50.310;-3.586580;0.209957
50.320;-3.593317;0.206587
50.330;-3.600567;0.204745
50.340;-3.607853;0.204084
50.350;-3.614855;0.203924
50.360;-3.621414;0.203516
50.370;-3.627481;0.202307
50.380;-3.633059;0.200096
50.390;-3.638194;0.197040
50.400;-3.642996;0.193523
50.410;-3.647685;0.189979
50.420;-3.652584;0.186714
50.430;-3.658072;0.183814
50.440;-3.664483;0.181137
50.450;-3.672011;0.178403
50.460;-3.680653;0.175317
50.470;-3.690233;0.171686
50.480;-3.700489;0.167485
50.490;-3.711179;0.162860
50.500;-3.722170;0.158096
50.510;-3.733486;0.153552
50.520;-3.745327;0.149570
50.530;-3.758038;0.146393
50.540;-3.772010;0.144105
50.550;-3.787538;0.142644
50.560;-3.804714;0.141851
50.570;-3.823383;0.141549
50.580;-3.843204;0.141604
50.590;-3.863751;0.141969
50.600;-3.884630;0.142702
50.610;-3.905546;0.143954
50.620;-3.926321;0.145897
50.630;-3.946843;0.148633
50.640;-3.966992;0.152089
50.650;-3.986564;0.155973
50.660;-4.005224;0.159819
50.670;-4.022521;0.163094
50.680;-4.037964;0.165311
50.690;-4.051131;0.166101
50.700;-4.061799;0.165265
50.710;-4.070016;0.162810
50.720;-4.076117;0.158951
50.730;-4.080649;0.154044
50.740;-4.084241;0.148472
50.750;-4.087486;0.142536
50.760;-4.090862;0.136439
50.770;-4.094687;0.130324
50.780;-4.099097;0.124330
50.790;-4.104009;0.118585
50.800;-4.109094;0.113160
50.810;-4.113775;0.108013
50.820;-4.117262;0.103009
50.830;-4.118648;0.098005
50.840;-4.117035;0.092946
50.850;-4.111696;0.087903
50.860;-4.102231;0.083031
50.870;-4.088711;0.078472
50.880;-4.071719;0.074285
50.890;-4.052255;0.070403
50.900;-4.031492;0.066638
50.910;-4.010528;0.062711
50.920;-3.990224;0.058332
50.930;-3.971217;0.053303
50.940;-3.953995;0.047613
50.950;-3.938970;0.041454
50.960;-3.926457;0.035152
50.970;-3.916599;0.029043
50.980;-3.909281;0.023361
50.990;-3.904108;0.018201
51.000;-3.900471;0.013557
51.010;-3.897695;0.009410
51.020;-3.895187;0.005812
51.030;-3.892557;0.002901
51.040;-3.889640;0.000837
51.050;-3.886465;-0.000321
51.060;-3.883191;-0.000701
51.070;-3.880068;-0.000620
51.080;-3.877436;-0.000504
51.090;-3.875718;-0.000737
51.100;-3.875365;-0.001508
51.110;-3.876730;-0.002711
51.120;-3.879921;-0.003972
51.130;-3.884708;-0.004798
51.140;-3.890525;-0.004802
51.150;-3.896582;-0.003890
51.160;-3.902048;-0.002334
51.170;-3.906253;-0.000678
51.180;-3.908820;0.000477
51.190;-3.909701;0.000720
51.200;-3.909072;-0.000025
51.210;-3.907151;-0.001506
51.220;-3.904017;-0.003276
51.230;-3.899545;-0.004850
51.240;-3.893498;-0.005848
51.250;-3.885697;-0.006072
51.260;-3.876191;-0.005543
51.270;-3.865328;-0.004495
51.280;-3.853715;-0.003314
51.290;-3.842077;-0.002442
51.300;-3.831069;-0.002268
51.310;-3.821089;-0.003024
51.320;-3.812180;-0.004762
51.330;-3.804040;-0.007376
51.340;-3.796155;-0.010662
51.350;-3.788007;-0.014369
51.360;-3.779292;-0.018214
51.370;-3.770095;-0.021910
51.380;-3.760948;-0.025198
51.390;-3.752713;-0.027893
51.400;-3.746316;-0.029897
51.410;-3.742395;-0.031178
51.420;-3.741019;-0.031744
51.430;-3.741577;-0.031645
51.440;-3.742910;-0.031004
51.450;-3.743609;-0.030002
51.460;-3.742388;-0.028819
51.470;-3.738380;-0.027525
51.480;-3.731272;-0.026006
51.490;-3.721255;-0.023977
51.500;-3.708832;-0.021074
51.510;-3.694600;-0.017010
51.520;-3.679110;-0.011725
51.530;-3.662867;-0.005472
51.540;-3.646383;0.001211
51.550;-3.630221;0.007679
51.560;-3.614943;0.013420
51.570;-3.601001;0.018268
51.580;-3.588631;0.022422
51.590;-3.577838;0.026289
51.600;-3.568458;0.030231
51.610;-3.560274;0.034393
51.620;-3.553112;0.038663
51.630;-3.546894;0.042779
51.640;-3.541626;0.046484
51.650;-3.537338;0.049654
51.660;-3.534010;0.052352
51.670;-3.531539;0.054794
51.680;-3.529765;0.057266
51.690;-3.528550;0.060022
51.700;-3.527856;0.063191
51.710;-3.527766;0.066736
51.720;-3.528422;0.070441
51.730;-3.529940;0.073972
51.740;-3.532355;0.076986
51.750;-3.535643;0.079260
51.760;-3.539794;0.080791
51.770;-3.544902;0.081789
51.780;-3.551175;0.082600
51.790;-3.558855;0.083556
51.800;-3.568040;0.084838
51.810;-3.578526;0.086414
51.820;-3.589723;0.088073
51.830;-3.600718;0.089545
51.840;-3.610470;0.090623
51.850;-3.618064;0.091240
51.860;-3.622917;0.091473
51.870;-3.624879;0.091497
51.880;-3.624212;0.091535
51.890;-3.621494;0.091819
51.900;-3.617484;0.092531
51.910;-3.612977;0.093759
51.920;-3.608666;0.095467
51.930;-3.605048;0.097505
51.940;-3.602393;0.099657
51.950;-3.600776;0.101702
51.960;-3.600129;0.103468
51.970;-3.600283;0.104860
51.980;-3.601005;0.105880
51.990;-3.602029;0.106604
52.000;-3.603096;0.107170
52.010;-3.604003;0.107732
52.020;-3.604640;0.108413
52.030;-3.605034;0.109260
52.040;-3.605355;0.110232
52.050;-3.605881;0.111223
52.060;-3.606920;0.112112
52.070;-3.608707;0.112816
52.080;-3.611345;0.113341
52.090;-3.614765;0.113839
52.100;-3.618706;0.114606
52.110;-3.622731;0.116014
52.120;-3.626298;0.118380
52.130;-3.628896;0.121836
52.140;-3.630209;0.126249
52.150;-3.630240;0.131258
52.160;-3.629313;0.136368
52.170;-3.627976;0.141083
52.180;-3.626832;0.145048
52.190;-3.626364;0.148155
52.200;-3.626795;0.150570
52.210;-3.628041;0.152659
52.220;-3.629748;0.154833
52.230;-3.631435;0.157398
52.240;-3.632645;0.160477
52.250;-3.633076;0.163996
52.260;-3.632633;0.167754
52.270;-3.631389;0.171534
52.280;-3.629470;0.175204
52.290;-3.626916;0.178763
52.300;-3.623594;0.182305
52.310;-3.619213;0.185949
52.320;-3.613446;0.189784
52.330;-3.606092;0.193873
52.340;-3.597201;0.198282
52.350;-3.587086;0.203076
52.360;-3.576236;0.208258
52.370;-3.565196;0.213697
52.380;-3.554473;0.219102
52.390;-3.544505;0.224093
52.400;-3.535672;0.228318
52.410;-3.528332;0.231575
52.420;-3.522845;0.233856
52.430;-3.519537;0.235326
52.440;-3.518606;0.236259
52.450;-3.520007;0.236959
52.460;-3.523399;0.237698
52.470;-3.528203;0.238662
52.480;-3.533741;0.239921
52.490;-3.539387;0.241435
52.500;-3.544668;0.243123
52.510;-3.549288;0.244952
52.520;-3.553115;0.246998
52.530;-3.556165;0.249442
52.540;-3.558595;0.252479
52.550;-3.560690;0.256189
52.560;-3.562818;0.260420
52.570;-3.565340;0.264777
52.580;-3.568504;0.268718
52.590;-3.572365;0.271766
52.600;-3.576767;0.273721
52.610;-3.581391;0.274752
52.620;-3.585851;0.275315
52.630;-3.589804;0.275934
52.640;-3.593033;0.276981
52.650;-3.595509;0.278559
52.660;-3.597400;0.280531
52.670;-3.599057;0.282633
52.680;-3.600964;0.284595
52.690;-3.603656;0.286234
52.700;-3.607594;0.287509
52.710;-3.613020;0.288511
52.720;-3.619833;0.289404
52.730;-3.627542;0.290321
52.740;-3.635355;0.291291
52.750;-3.642370;0.292234
52.760;-3.647831;0.293029
52.770;-3.651352;0.293587
52.780;-3.653029;0.293886
52.790;-3.653402;0.293941
52.800;-3.653265;0.293738
52.810;-3.653431;0.293189
52.820;-3.654536;0.292141
52.830;-3.656970;0.290447
52.840;-3.660898;0.288047
52.850;-3.666314;0.285036
52.860;-3.673088;0.281682
52.870;-3.680977;0.278390
52.880;-3.689650;0.275599
52.890;-3.698728;0.273628
52.900;-3.707844;0.272529
52.910;-3.716681;0.272053
52.920;-3.724955;0.271762
52.930;-3.732353;0.271247
52.940;-3.738496;0.270303
52.950;-3.742958;0.268992
52.960;-3.745367;0.267576
52.970;-3.745525;0.266368
52.980;-3.743477;0.265602
52.990;-3.739481;0.265341
53.000;-3.733880;0.265473
53.010;-3.726976;0.265783
53.020;-3.718967;0.266087
53.030;-3.709993;0.266356
53.040;-3.700218;0.266789
53.050;-3.689887;0.267767
53.060;-3.679315;0.269680
53.070;-3.668820;0.272692
53.080;-3.658659;0.276573
53.090;-3.649012;0.280695
53.100;-3.640035;0.284237
53.110;-3.631926;0.286502
53.120;-3.624969;0.287196
53.130;-3.619494;0.286542
53.140;-3.615790;0.285189
53.150;-3.614017;0.283963
53.160;-3.614150;0.283573
53.170;-3.615971;0.284389
53.180;-3.619099;0.286379
53.190;-3.623044;0.289205
53.200;-3.627252;0.292388
53.210;-3.631142;0.295480
53.220;-3.634130;0.298165
53.230;-3.635682;0.300281
53.240;-3.635400;0.301789
53.250;-3.633127;0.302720
53.260;-3.629053;0.303142
53.270;-3.623732;0.303156
53.280;-3.617986;0.302914
53.290;-3.612698;0.302602
53.300;-3.608576;0.302409
53.310;-3.606020;0.302474
53.320;-3.605102;0.302867
53.330;-3.605657;0.303591
53.340;-3.607365;0.304586
53.350;-3.609798;0.305708
53.360;-3.612428;0.306712
53.370;-3.614660;0.307269
53.380;-3.615927;0.307082
53.390;-3.615826;0.306029
53.400;-3.614237;0.304264
53.410;-3.611357;0.302195
53.420;-3.607630;0.300339
53.430;-3.603615;0.299117
53.440;-3.599838;0.298658
53.450;-3.596680;0.298720
53.460;-3.594317;0.298775
53.470;-3.592728;0.298243
53.480;-3.591750;0.296758
53.490;-3.591184;0.294333
53.500;-3.590893;0.291340
53.510;-3.590869;0.288350
53.520;-3.591233;0.285910
53.530;-3.592176;0.284364
53.540;-3.593872;0.283768
53.550;-3.596420;0.283921
53.560;-3.599825;0.284477
53.570;-3.603995;0.285083
53.580;-3.608740;0.285490
53.590;-3.613762;0.285612
53.600;-3.618677;0.285504
53.610;-3.623065;0.285296
53.620;-3.626539;0.285124
53.630;-3.628797;0.285098
53.640;-3.629686;0.285309
53.650;-3.629250;0.285820
53.660;-3.627765;0.286629
53.670;-3.625720;0.287624
53.680;-3.623714;0.288582
53.690;-3.622321;0.289247
53.700;-3.621957;0.289463
53.710;-3.622789;0.289285
53.720;-3.624713;0.289010
53.730;-3.627412;0.289088
53.740;-3.630479;0.289951
53.750;-3.633563;0.291850
53.760;-3.636493;0.294750
53.770;-3.639317;0.298325
53.780;-3.642263;0.302038
53.790;-3.645637;0.305288
53.800;-3.649711;0.307582
53.810;-3.654654;0.308682
53.820;-3.660538;0.308667
53.830;-3.667388;0.307884
53.840;-3.675186;0.306800
53.850;-3.683837;0.305829
53.860;-3.693094;0.305234
53.870;-3.702533;0.305118
53.880;-3.711632;0.305503
53.890;-3.719966;0.306401
53.900;-3.727410;0.307848
53.910;-3.734245;0.309856
53.920;-3.741088;0.312341
53.930;-3.748681;0.315092
53.940;-3.757649;0.317812
53.950;-3.768334;0.320225
53.960;-3.780754;0.322166
53.970;-3.794663;0.323621
53.980;-3.809660;0.324682
53.990;-3.825266;0.325471
54.000;-3.840936;0.326052
54.010;-3.856046;0.326402
54.020;-3.869889;0.326417
54.030;-3.881761;0.325964
54.040;-3.891119;0.324935
54.050;-3.897749;0.323280
54.060;-3.901850;0.321000
54.070;-3.903998;0.318116
54.080;-3.905014;0.314658
54.090;-3.905797;0.310665
54.100;-3.907192;0.306213
54.110;-3.909870;0.301461
54.120;-3.914212;0.296699
54.130;-3.920191;0.292348
54.140;-3.927312;0.288878
54.150;-3.934700;0.286665
54.160;-3.941335;0.285842
54.170;-3.946381;0.286211
54.180;-3.949464;0.287290
54.190;-3.950819;0.288478
54.200;-3.951229;0.289280
54.210;-3.951760;0.289483
54.220;-3.953368;0.289195
54.230;-3.956530;0.288764
54.240;-3.961069;0.288645
54.250;-3.966230;0.289277
54.260;-3.970984;0.291013
54.270;-3.974415;0.294081
54.280;-3.976028;0.298554
54.290;-3.975884;0.304340
54.300;-3.974535;0.311199
54.310;-3.972807;0.318766
54.320;-3.971520;0.326581
54.330;-3.971259;0.334140
54.340;-3.972274;0.340956
54.350;-3.974523;0.346649
54.360;-3.977779;0.351035
54.370;-3.981752;0.354162
54.380;-3.986149;0.356272
54.390;-3.990716;0.357698
54.400;-3.995263;0.358748
54.410;-3.999690;0.359632
54.420;-4.004011;0.360459
54.430;-4.008361;0.361253
54.440;-4.012960;0.361981
54.450;-4.018024;0.362583
54.460;-4.023646;0.363008
54.470;-4.029693;0.363231
54.480;-4.035779;0.363250
54.490;-4.041336;0.363047
54.500;-4.045755;0.362565
54.510;-4.048552;0.361706
54.520;-4.049515;0.360380
54.530;-4.048818;0.358551
54.540;-4.047059;0.356264
54.550;-4.045171;0.353625
54.560;-4.044196;0.350761
54.570;-4.044979;0.347773
54.580;-4.047911;0.344698
54.590;-4.052825;0.341490
54.600;-4.059074;0.338039
54.610;-4.065716;0.334218
54.620;-4.071740;0.329974
54.630;-4.076264;0.325391
54.640;-4.078702;0.320704
54.650;-4.078858;0.316204
54.660;-4.076941;0.312084
54.670;-4.073470;0.308306
54.680;-4.069102;0.304593
54.690;-4.064435;0.300556
54.700;-4.059867;0.295883
54.710;-4.055546;0.290502
54.720;-4.051453;0.284623
54.730;-4.047528;0.278682
54.740;-4.043784;0.273206
54.750;-4.040348;0.268672
54.760;-4.037410;0.265389
54.770;-4.035149;0.263426
54.780;-4.033690;0.262587
54.790;-4.033094;0.262468
54.800;-4.033391;0.262586
54.810;-4.034592;0.262550
54.820;-4.036682;0.262183
54.830;-4.039569;0.261538
54.840;-4.043032;0.260803
54.850;-4.046679;0.260172
54.860;-4.049964;0.259751
54.870;-4.052278;0.259560
54.880;-4.053112;0.259588
54.890;-4.052241;0.259873
54.900;-4.049840;0.260527
54.910;-4.046464;0.261694
54.920;-4.042882;0.263482
54.930;-4.039834;0.265906
54.940;-4.037827;0.268882
54.950;-4.037030;0.272269
54.960;-4.037265;0.275910
54.970;-4.038084;0.279624
54.980;-4.038886;0.283168
54.990;-4.039068;0.286220
55.000;-4.038154;0.288444
55.010;-4.035887;0.289642
55.020;-4.032265;0.289918
55.030;-4.027505;0.289747
55.040;-4.021969;0.289882
55.050;-4.016055;0.291112
55.060;-4.010093;0.293989
55.070;-4.004242;0.298631
55.080;-3.998402;0.304683
55.090;-3.992180;0.311422
55.100;-3.984936;0.317962
55.110;-3.975927;0.323481
55.120;-3.964534;0.327400
55.130;-3.950502;0.329512
55.140;-3.934101;0.330037
55.150;-3.916127;0.329586
55.160;-3.897711;0.329019
55.170;-3.880000;0.329212
55.180;-3.863803;0.330803
55.190;-3.849371;0.334007
55.200;-3.836380;0.338589
55.210;-3.824146;0.343999
55.220;-3.811946;0.349578
55.230;-3.799324;0.354765
55.240;-3.786270;0.359205
55.250;-3.773218;0.362773
55.260;-3.760897;0.365525
55.270;-3.750065;0.367635
55.280;-3.741243;0.369325
55.290;-3.734511;0.370810
55.300;-3.729491;0.372218
55.310;-3.725514;0.373532
55.320;-3.721906;0.374563
55.330;-3.718258;0.375015
55.340;-3.714562;0.374628
55.350;-3.711181;0.373326
55.360;-3.708680;0.371283
55.370;-3.707600;0.368873
55.380;-3.708262;0.366507
55.390;-3.710668;0.364484
55.400;-3.714504;0.362910
55.410;-3.719238;0.361729
55.420;-3.724261;0.360784
55.430;-3.729024;0.359886
55.440;-3.733097;0.358856
55.450;-3.736180;0.357579
55.460;-3.738088;0.356053
55.470;-3.738776;0.354401
55.480;-3.738352;0.352817
55.490;-3.737046;0.351472
55.500;-3.735089;0.350446
55.510;-3.732551;0.349725
55.520;-3.729261;0.349261
55.530;-3.724889;0.349045
55.540;-3.719158;0.349124
55.550;-3.712068;0.349533
55.560;-3.704014;0.350206
55.570;-3.695711;0.350951
55.580;-3.687990;0.351513
55.590;-3.681520;0.351707
55.600;-3.676572;0.351496
55.610;-3.672903;0.351003
55.620;-3.669812;0.350449
55.630;-3.666324;0.350074
55.640;-3.661439;0.350076
55.650;-3.654362;0.350550
55.660;-3.644649;0.351447
55.670;-3.632276;0.352552
55.680;-3.617638;0.353554
55.690;-3.601476;0.354156
55.700;-3.584741;0.354182
55.710;-3.568411;0.353605
55.720;-3.553275;0.352502
55.730;-3.539749;0.350992
55.740;-3.527792;0.349231
55.750;-3.516961;0.347442
55.760;-3.506628;0.345926
55.770;-3.496272;0.345008
55.780;-3.485705;0.344943
55.790;-3.475134;0.345835
55.800;-3.465036;0.347639
55.810;-3.455936;0.350204
55.820;-3.448205;0.353320
55.830;-3.441950;0.356756
55.840;-3.437020;0.360276
55.850;-3.433088;0.363684
55.860;-3.429733;0.366862
55.870;-3.426477;0.369780
55.880;-3.422803;0.372449
55.890;-3.418191;0.374869
55.900;-3.412199;0.376996
55.910;-3.404567;0.378766
55.920;-3.395297;0.380159
55.930;-3.384663;0.381252
55.940;-3.373161;0.382249
55.950;-3.361388;0.383446
55.960;-3.349901;0.385164
55.970;-3.339119;0.387642
55.980;-3.329286;0.390950
55.990;-3.320522;0.394951
56.000;-3.312900;0.399322
56.010;-3.306509;0.403633
56.020;-3.301469;0.407450
56.030;-3.297908;0.410440
56.040;-3.295905;0.412441
56.050;-3.295402;0.413487
56.060;-3.296144;0.413768
56.070;-3.297666;0.413563
56.080;-3.299356;0.413173
56.090;-3.300572;0.412872
56.100;-3.300777;0.412893
56.110;-3.299633;0.413416
56.120;-3.297041;0.414572
56.130;-3.293105;0.416445
56.140;-3.288038;0.419087
56.150;-3.282061;0.422523
56.160;-3.275347;0.426717
56.170;-3.268048;0.431517
56.180;-3.260350;0.436602
56.190;-3.252534;0.441472
56.200;-3.244984;0.445536
56.210;-3.238129;0.448274
56.220;-3.232326;0.449437
56.230;-3.227727;0.449176
56.240;-3.224177;0.448043
56.250;-3.221208;0.446844
56.260;-3.218161;0.446405
56.270;-3.214416;0.447321
56.280;-3.209641;0.449767
56.290;-3.203955;0.453439
56.300;-3.197911;0.457645
56.310;-3.192297;0.461500
56.320;-3.187829;0.464193
56.330;-3.184887;0.465227
56.340;-3.183417;0.464592
56.350;-3.183007;0.462795
56.360;-3.183088;0.460706
56.370;-3.183167;0.459252
56.380;-3.182991;0.459096
56.390;-3.182635;0.460432
56.400;-3.182496;0.462978
56.410;-3.183208;0.466152
56.420;-3.185487;0.469331
56.430;-3.189941;0.472088
56.440;-3.196869;0.474307
56.450;-3.206147;0.476156
56.460;-3.217219;0.477962
56.470;-3.229204;0.480085
56.480;-3.241095;0.482820
56.490;-3.251976;0.486350
56.500;-3.261182;0.490709
56.510;-3.268381;0.495759
56.520;-3.273571;0.501179
56.530;-3.277009;0.506522
56.540;-3.279147;0.511368
56.550;-3.280562;0.515512
56.560;-3.281894;0.519106
56.570;-3.283744;0.522654
56.580;-3.286549;0.526832
56.590;-3.290453;0.532212
56.600;-3.295270;0.539009
56.610;-3.300588;0.546967
56.620;-3.305961;0.555432
56.630;-3.311104;0.563562
56.640;-3.316014;0.570583
56.650;-3.320985;0.575994
56.660;-3.326517;0.579678
56.670;-3.333172;0.581912
56.680;-3.341398;0.583280
56.690;-3.351408;0.584511
56.700;-3.363132;0.586241
56.710;-3.376256;0.588803
56.720;-3.390314;0.592142
56.730;-3.404792;0.595930
56.740;-3.419214;0.599808
56.750;-3.433176;0.603603
56.760;-3.446338;0.607374
56.770;-3.458424;0.611280
56.780;-3.469229;0.615383
56.790;-3.478646;0.619513
56.800;-3.486684;0.623288
56.810;-3.493464;0.626286
56.820;-3.499206;0.628265
56.830;-3.504205;0.629279
56.840;-3.508793;0.629626
56.850;-3.513282;0.629666
56.860;-3.517901;0.629623
56.870;-3.522723;0.629505
56.880;-3.527633;0.629164
56.890;-3.532321;0.628445
56.900;-3.536341;0.627291
56.910;-3.539206;0.625736
56.920;-3.540502;0.623843
56.930;-3.539970;0.621654
56.940;-3.537558;0.619222
56.950;-3.533427;0.616685
56.960;-3.527930;0.614277
56.970;-3.521553;0.612264
56.980;-3.514839;0.610816
56.990;-3.508304;0.609931
57.000;-3.502357;0.609437
57.010;-3.497204;0.609073
57.020;-3.492770;0.608592
57.030;-3.488693;0.607847
57.040;-3.484449;0.606826
57.050;-3.479596;0.605652
57.060;-3.474028;0.604530
57.070;-3.468071;0.603640
57.080;-3.462365;0.603003
57.090;-3.457606;0.602388
57.100;-3.454282;0.601327
57.110;-3.452539;0.599263
57.120;-3.452192;0.595782
57.130;-3.452826;0.590796
57.140;-3.453905;0.584606
57.150;-3.454849;0.577801
57.160;-3.455069;0.571062
57.170;-3.454031;0.564944
57.180;-3.451350;0.559735
57.190;-3.446916;0.555412
57.200;-3.440962;0.551694
57.210;-3.434027;0.548158
57.220;-3.426818;0.544383
57.230;-3.420049;0.540073
57.240;-3.414306;0.535125
57.250;-3.409978;0.529616
57.260;-3.407223;0.523727
57.270;-3.405956;0.517663
57.280;-3.405857;0.511583
57.290;-3.406407;0.505573
57.300;-3.406983;0.499643
57.310;-3.406971;0.493778
57.320;-3.405893;0.487996
57.330;-3.403499;0.482383
57.340;-3.399801;0.477076
57.350;-3.395061;0.472202
57.360;-3.389722;0.467821
57.370;-3.384297;0.463907
57.380;-3.379257;0.460361
57.390;-3.374925;0.457042
57.400;-3.371413;0.453789
57.410;-3.368615;0.450459
57.420;-3.366250;0.446978
57.430;-3.363945;0.443390
57.440;-3.361315;0.439845
57.450;-3.358034;0.436530
57.460;-3.353879;0.433560
57.470;-3.348768;0.430890
57.480;-3.342789;0.428286
57.490;-3.336203;0.425404
57.500;-3.329397;0.421944
57.510;-3.322772;0.417795
57.520;-3.316597;0.413121
57.530;-3.310905;0.408323
57.540;-3.305481;0.403902
57.550;-3.299949;0.400293
57.560;-3.293899;0.397727
57.570;-3.287026;0.396171
57.580;-3.279217;0.395370
57.590;-3.270582;0.394980
57.600;-3.261419;0.394744
57.610;-3.252124;0.394625
57.620;-3.243073;0.394793
57.630;-3.234527;0.395477
57.640;-3.226568;0.396775
57.650;-3.219112;0.398533
57.660;-3.211988;0.400371
57.670;-3.205088;0.401808
57.680;-3.198520;0.402421
57.690;-3.192702;0.401979
57.700;-3.188303;0.400480
57.710;-3.186047;0.398114
57.720;-3.186442;0.395147
57.730;-3.189568;0.391802
57.740;-3.195001;0.388176
57.750;-3.201920;0.384250
57.760;-3.209324;0.379987
57.770;-3.216301;0.375434
57.780;-3.222222;0.370754
57.790;-3.226822;0.366172
57.800;-3.230131;0.361872
57.810;-3.232329;0.357909
57.820;-3.233615;0.354159
57.830;-3.234125;0.350359
57.840;-3.233947;0.346202
57.850;-3.233161;0.341468
57.860;-3.231898;0.336095
57.870;-3.230384;0.330176
57.880;-3.228965;0.323898
57.890;-3.228107;0.317455
57.900;-3.228322;0.310987
57.910;-3.230041;0.304567
57.920;-3.233467;0.298228
57.930;-3.238476;0.292012
57.940;-3.244608;0.286000
57.950;-3.251143;0.280290
57.960;-3.257268;0.274940
57.970;-3.262278;0.269904
57.980;-3.265773;0.265012
57.990;-3.267759;0.260045
58.000;-3.268631;0.254854
58.010;-3.269042;0.249476
58.020;-3.269727;0.244122
58.030;-3.271338;0.239059
58.040;-3.274328;0.234424
58.050;-3.278878;0.230134
58.060;-3.284854;0.225919
58.070;-3.291826;0.221465
58.080;-3.299181;0.216550
58.090;-3.306318;0.211133
58.100;-3.312856;0.205336
58.110;-3.318751;0.199389
58.120;-3.324254;0.193553
58.130;-3.329742;0.188070
58.140;-3.335503;0.183130
58.150;-3.341594;0.178844
58.160;-3.347808;0.175221
58.170;-3.353757;0.172148
58.180;-3.358979;0.169407
58.190;-3.363043;0.166754
58.200;-3.365642;0.164049
58.210;-3.366677;0.161375
58.220;-3.366316;0.159033
58.230;-3.365003;0.157376
58.240;-3.363382;0.156570
58.250;-3.362137;0.156422
58.260;-3.361795;0.156399
58.270;-3.362541;0.155833
58.280;-3.364151;0.154206
58.290;-3.366069;0.151369
58.300;-3.367624;0.147600
58.310;-3.368282;0.143518
58.320;-3.367810;0.139886
58.330;-3.366294;0.137402
58.340;-3.364054;0.136569
58.350;-3.361514;0.137626
58.360;-3.359099;0.140559
58.370;-3.357150;0.145101
58.380;-3.355854;0.150753
58.390;-3.355166;0.156817
58.400;-3.354776;0.162510
58.410;-3.354156;0.167154
58.420;-3.352721;0.170383
58.430;-3.350018;0.172252
58.440;-3.345884;0.173208
58.450;-3.340482;0.173898
58.460;-3.334240;0.174912
58.470;-3.327732;0.176560
58.480;-3.321568;0.178792
58.490;-3.316327;0.181287
58.500;-3.312496;0.183645
58.510;-3.310415;0.185573
58.520;-3.310224;0.186961
58.530;-3.311837;0.187839
58.540;-3.314951;0.188264
58.550;-3.319089;0.188241
58.560;-3.323661;0.187714
58.570;-3.328054;0.186620
58.580;-3.331749;0.184963
58.590;-3.334436;0.182848
58.600;-3.336080;0.180465
58.610;-3.336927;0.178056
58.620;-3.337437;0.175886
58.630;-3.338191;0.174204
58.640;-3.339784;0.173191
58.650;-3.342704;0.172902
58.660;-3.347239;0.173222
58.670;-3.353426;0.173873
58.680;-3.361087;0.174469
58.690;-3.369910;0.174636
58.700;-3.379549;0.174137
58.710;-3.389685;0.172941
58.720;-3.400027;0.171222
58.730;-3.410299;0.169295
58.740;-3.420232;0.167543
58.750;-3.429585;0.166341
58.760;-3.438193;0.165991
58.770;-3.446030;0.166647
58.780;-3.453250;0.168267
58.790;-3.460160;0.170630
58.800;-3.467114;0.173418
58.810;-3.474355;0.176307
58.820;-3.481894;0.179027
58.830;-3.489493;0.181381
58.840;-3.496781;0.183227
58.850;-3.503446;0.184485
58.860;-3.509380;0.185147
58.870;-3.514691;0.185298
58.880;-3.519584;0.185078
58.890;-3.524211;0.184613
58.900;-3.528576;0.183952
58.910;-3.532581;0.183086
58.920;-3.536153;0.182035
58.930;-3.539383;0.180945
58.940;-3.542557;0.180101
58.950;-3.546076;0.179835
58.960;-3.550294;0.180392
58.970;-3.555386;0.181843
58.980;-3.561302;0.184083
58.990;-3.567823;0.186903
59.000;-3.574654;0.190071
59.010;-3.581496;0.193401
59.020;-3.588086;0.196760
59.030;-3.594229;0.200053
59.040;-3.599846;0.203197
59.050;-3.605019;0.206128
59.060;-3.609984;0.208840
59.070;-3.615043;0.211450
59.080;-3.620431;0.214200
59.090;-3.626200;0.217396
59.100;-3.632190;0.221284
59.110;-3.638092;0.225943
59.120;-3.643548;0.231255
59.130;-3.648241;0.236947
59.140;-3.651908;0.242672
59.150;-3.654329;0.248076
59.160;-3.655300;0.252834
59.170;-3.654638;0.256687
59.180;-3.652194;0.259492
59.190;-3.647864;0.261288
59.200;-3.641579;0.262327
59.210;-3.633309;0.263050
59.220;-3.623082;0.263980
59.230;-3.611029;0.265582
59.240;-3.597421;0.268127
59.250;-3.582679;0.271621
59.260;-3.567349;0.275816
59.270;-3.552025;0.280290
59.280;-3.537256;0.284573
59.290;-3.523437;0.288297
59.300;-3.510720;0.291322
59.310;-3.498987;0.293797
59.320;-3.487890;0.296093
59.330;-3.476967;0.298635
59.340;-3.465798;0.301680
59.350;-3.454163;0.305164
59.360;-3.442133;0.308688
59.370;-3.430078;0.311674
59.380;-3.418569;0.313621
59.390;-3.408256;0.314318
59.400;-3.399726;0.313934
59.410;-3.393395;0.312942
59.420;-3.389435;0.311942
59.430;-3.387749;0.311480
59.440;-3.387993;0.311928
59.450;-3.389629;0.313454
59.460;-3.392012;0.316044
59.470;-3.394478;0.319559
59.480;-3.396428;0.323770
59.490;-3.397420;0.328375
59.500;-3.397216;0.333028
59.510;-3.395801;0.337381
59.520;-3.393343;0.341158
59.530;-3.390133;0.344216
59.540;-3.386514;0.346579
59.550;-3.382806;0.348411
59.560;-3.379263;0.349963
59.570;-3.376090;0.351511
59.580;-3.373524;0.353297
59.590;-3.371936;0.355463
59.600;-3.371848;0.358009
59.610;-3.373819;0.360782
59.620;-3.378265;0.363512
59.630;-3.385299;0.365878
59.640;-3.394648;0.367594
59.650;-3.405656;0.368492
59.660;-3.417350;0.368590
59.670;-3.428592;0.368111
59.680;-3.438317;0.367436
59.690;-3.445794;0.366981
59.700;-3.450825;0.367064
59.710;-3.453786;0.367804
59.720;-3.455518;0.369100
59.730;-3.457115;0.370680
59.740;-3.459696;0.372168
59.750;-3.464162;0.373164
59.760;-3.471011;0.373317
59.770;-3.480253;0.372404
59.780;-3.491497;0.370413
59.790;-3.504144;0.367569
59.800;-3.517585;0.364284
59.810;-3.531331;0.361036
59.820;-3.545034;0.358232
59.830;-3.558445;0.356123
59.840;-3.571367;0.354789
59.850;-3.583652;0.354167
59.860;-3.595225;0.354103
59.870;-3.606149;0.354397
59.880;-3.616645;0.354838
59.890;-3.627055;0.355213
59.900;-3.637711;0.355276
59.910;-3.648759;0.354732
59.920;-3.660015;0.353319
59.930;-3.670911;0.351044
59.940;-3.680549;0.348491
59.950;-3.687857;0.346998
59.960;-3.691827;0.348462
59.970;-3.691790;0.354747
59.980;-3.687679;0.366859
59.990;-3.680183;0.384292
60.000;-3.670712;0.404902
